neighbor_index,distance,flip_i,flip_j,weight,profit,feasible,reason,comparison
1,1,0,,25713,36944,1,FEASIBLE,WORSE
2,1,1,,25589,36208,1,FEASIBLE,WORSE
3,1,2,,26117,37298,0,CAPACITY_EXCEEDED,INVALID
4,1,3,,25156,36466,1,FEASIBLE,WORSE
5,1,4,,26474,37257,0,CAPACITY_EXCEEDED,INVALID
6,1,5,,26082,37419,0,CAPACITY_EXCEEDED,INVALID
7,1,6,,24765,36171,1,FEASIBLE,WORSE
8,1,7,,25727,36961,1,FEASIBLE,WORSE
9,1,8,,24894,36529,1,FEASIBLE,WORSE
10,1,9,,25519,36711,1,FEASIBLE,WORSE
11,1,10,,26606,37625,0,CAPACITY_EXCEEDED,INVALID
12,1,11,,25696,36676,1,FEASIBLE,WORSE
13,1,12,,26696,37364,0,CAPACITY_EXCEEDED,INVALID
14,1,13,,24970,36340,1,FEASIBLE,WORSE
15,1,14,,26721,37261,0,CAPACITY_EXCEEDED,INVALID
16,1,15,,26311,37406,0,CAPACITY_EXCEEDED,INVALID
17,1,16,,25908,37191,0,CAPACITY_EXCEEDED,INVALID
18,1,17,,26700,37438,0,CAPACITY_EXCEEDED,INVALID
19,1,18,,25288,36763,1,FEASIBLE,WORSE
20,1,19,,25646,36268,1,FEASIBLE,WORSE
21,1,20,,26336,37551,0,CAPACITY_EXCEEDED,INVALID
22,1,21,,26228,37285,0,CAPACITY_EXCEEDED,INVALID
23,1,22,,26204,37430,0,CAPACITY_EXCEEDED,INVALID
24,1,23,,25575,36179,1,FEASIBLE,WORSE
25,1,24,,25853,37235,0,CAPACITY_EXCEEDED,INVALID
26,1,25,,25149,36550,1,FEASIBLE,WORSE
27,1,26,,25277,36793,1,FEASIBLE,WORSE
28,1,27,,25603,36510,1,FEASIBLE,WORSE
29,1,28,,25290,36832,1,FEASIBLE,WORSE
30,1,29,,25004,36479,1,FEASIBLE,WORSE
31,1,30,,26446,37669,0,CAPACITY_EXCEEDED,INVALID
32,1,31,,25258,36521,1,FEASIBLE,WORSE
33,1,32,,25336,36269,1,FEASIBLE,WORSE
34,1,33,,25369,36589,1,FEASIBLE,WORSE
35,1,34,,25956,37314,0,CAPACITY_EXCEEDED,INVALID
36,1,35,,25928,37236,0,CAPACITY_EXCEEDED,INVALID
37,1,36,,25283,36224,1,FEASIBLE,WORSE
38,1,37,,25621,36682,1,FEASIBLE,WORSE
39,1,38,,26456,37365,0,CAPACITY_EXCEEDED,INVALID
40,1,39,,25021,36224,1,FEASIBLE,WORSE
41,1,40,,25118,36592,1,FEASIBLE,WORSE
42,1,41,,25707,36442,1,FEASIBLE,WORSE
43,1,42,,25365,36290,1,FEASIBLE,WORSE
44,1,43,,25297,36885,1,FEASIBLE,WORSE
45,1,44,,25636,36814,1,FEASIBLE,WORSE
46,1,45,,24762,36292,1,FEASIBLE,WORSE
47,1,46,,26486,37306,0,CAPACITY_EXCEEDED,INVALID
48,1,47,,25227,36406,1,FEASIBLE,WORSE
49,1,48,,26436,37269,0,CAPACITY_EXCEEDED,INVALID
50,1,49,,25529,36480,1,FEASIBLE,WORSE
51,1,50,,25500,36468,1,FEASIBLE,WORSE
52,1,51,,25204,36221,1,FEASIBLE,WORSE
53,1,52,,24986,36327,1,FEASIBLE,WORSE
54,1,53,,25082,36667,1,FEASIBLE,WORSE
55,1,54,,25723,36973,1,FEASIBLE,WORSE
56,1,55,,26344,37322,0,CAPACITY_EXCEEDED,INVALID
57,1,56,,26639,37700,0,CAPACITY_EXCEEDED,INVALID
58,1,57,,26474,37681,0,CAPACITY_EXCEEDED,INVALID
59,1,58,,26658,37243,0,CAPACITY_EXCEEDED,INVALID
60,1,59,,24748,36267,1,FEASIBLE,WORSE
61,1,60,,25506,36663,1,FEASIBLE,WORSE
62,1,61,,25433,36469,1,FEASIBLE,WORSE
63,1,62,,26278,37391,0,CAPACITY_EXCEEDED,INVALID
64,1,63,,26707,37415,0,CAPACITY_EXCEEDED,INVALID
65,1,64,,26100,37183,0,CAPACITY_EXCEEDED,INVALID
66,1,65,,26672,37515,0,CAPACITY_EXCEEDED,INVALID
67,1,66,,26581,37438,0,CAPACITY_EXCEEDED,INVALID
68,1,67,,25213,36747,1,FEASIBLE,WORSE
69,1,68,,26356,37548,0,CAPACITY_EXCEEDED,INVALID
70,1,69,,24772,36336,1,FEASIBLE,WORSE
71,1,70,,24946,36279,1,FEASIBLE,WORSE
72,1,71,,26026,37347,0,CAPACITY_EXCEEDED,INVALID
73,1,72,,26576,37568,0,CAPACITY_EXCEEDED,INVALID
74,1,73,,25534,37004,1,FEASIBLE,WORSE
75,1,74,,25360,36507,1,FEASIBLE,WORSE
76,1,75,,24771,36196,1,FEASIBLE,WORSE
77,1,76,,26578,37373,0,CAPACITY_EXCEEDED,INVALID
78,1,77,,25418,36404,1,FEASIBLE,WORSE
79,1,78,,25439,36870,1,FEASIBLE,WORSE
80,1,79,,26344,37185,0,CAPACITY_EXCEEDED,INVALID
81,1,80,,24887,36406,1,FEASIBLE,WORSE
82,1,81,,26415,37513,0,CAPACITY_EXCEEDED,INVALID
83,1,82,,26667,37342,0,CAPACITY_EXCEEDED,INVALID
84,1,83,,26459,37607,0,CAPACITY_EXCEEDED,INVALID
85,1,84,,26551,37403,0,CAPACITY_EXCEEDED,INVALID
86,1,85,,25125,36760,1,FEASIBLE,WORSE
87,1,86,,25367,36724,1,FEASIBLE,WORSE
88,1,87,,25302,36753,1,FEASIBLE,WORSE
89,1,88,,25240,36582,1,FEASIBLE,WORSE
90,1,89,,26259,37460,0,CAPACITY_EXCEEDED,INVALID
91,1,90,,26569,37267,0,CAPACITY_EXCEEDED,INVALID
92,1,91,,25999,37257,0,CAPACITY_EXCEEDED,INVALID
93,1,92,,25661,37064,1,FEASIBLE,WORSE
94,1,93,,24996,36650,1,FEASIBLE,WORSE
95,1,94,,25459,36810,1,FEASIBLE,WORSE
96,1,95,,25310,36363,1,FEASIBLE,WORSE
97,1,96,,25612,36666,1,FEASIBLE,WORSE
98,1,97,,24900,36462,1,FEASIBLE,WORSE
99,1,98,,25456,36190,1,FEASIBLE,WORSE
100,1,99,,26022,37234,0,CAPACITY_EXCEEDED,INVALID
101,2,0,1,25572,35981,1,FEASIBLE,WORSE
102,2,0,2,26100,37071,0,CAPACITY_EXCEEDED,INVALID
103,2,0,3,25139,36239,1,FEASIBLE,WORSE
104,2,0,4,26457,37030,0,CAPACITY_EXCEEDED,INVALID
105,2,0,5,26065,37192,0,CAPACITY_EXCEEDED,INVALID
106,2,0,6,24748,35944,1,FEASIBLE,WORSE
107,2,0,7,25710,36734,1,FEASIBLE,WORSE
108,2,0,8,24877,36302,1,FEASIBLE,WORSE
109,2,0,9,25502,36484,1,FEASIBLE,WORSE
110,2,0,10,26589,37398,0,CAPACITY_EXCEEDED,INVALID
111,2,0,11,25679,36449,1,FEASIBLE,WORSE
112,2,0,12,26679,37137,0,CAPACITY_EXCEEDED,INVALID
113,2,0,13,24953,36113,1,FEASIBLE,WORSE
114,2,0,14,26704,37034,0,CAPACITY_EXCEEDED,INVALID
115,2,0,15,26294,37179,0,CAPACITY_EXCEEDED,INVALID
116,2,0,16,25891,36964,0,CAPACITY_EXCEEDED,INVALID
117,2,0,17,26683,37211,0,CAPACITY_EXCEEDED,INVALID
118,2,0,18,25271,36536,1,FEASIBLE,WORSE
119,2,0,19,25629,36041,1,FEASIBLE,WORSE
120,2,0,20,26319,37324,0,CAPACITY_EXCEEDED,INVALID
121,2,0,21,26211,37058,0,CAPACITY_EXCEEDED,INVALID
122,2,0,22,26187,37203,0,CAPACITY_EXCEEDED,INVALID
123,2,0,23,25558,35952,1,FEASIBLE,WORSE
124,2,0,24,25836,37008,0,CAPACITY_EXCEEDED,INVALID
125,2,0,25,25132,36323,1,FEASIBLE,WORSE
126,2,0,26,25260,36566,1,FEASIBLE,WORSE
127,2,0,27,25586,36283,1,FEASIBLE,WORSE
128,2,0,28,25273,36605,1,FEASIBLE,WORSE
129,2,0,29,24987,36252,1,FEASIBLE,WORSE
130,2,0,30,26429,37442,0,CAPACITY_EXCEEDED,INVALID
131,2,0,31,25241,36294,1,FEASIBLE,WORSE
132,2,0,32,25319,36042,1,FEASIBLE,WORSE
133,2,0,33,25352,36362,1,FEASIBLE,WORSE
134,2,0,34,25939,37087,0,CAPACITY_EXCEEDED,INVALID
135,2,0,35,25911,37009,0,CAPACITY_EXCEEDED,INVALID
136,2,0,36,25266,35997,1,FEASIBLE,WORSE
137,2,0,37,25604,36455,1,FEASIBLE,WORSE
138,2,0,38,26439,37138,0,CAPACITY_EXCEEDED,INVALID
139,2,0,39,25004,35997,1,FEASIBLE,WORSE
140,2,0,40,25101,36365,1,FEASIBLE,WORSE
141,2,0,41,25690,36215,1,FEASIBLE,WORSE
142,2,0,42,25348,36063,1,FEASIBLE,WORSE
143,2,0,43,25280,36658,1,FEASIBLE,WORSE
144,2,0,44,25619,36587,1,FEASIBLE,WORSE
145,2,0,45,24745,36065,1,FEASIBLE,WORSE
146,2,0,46,26469,37079,0,CAPACITY_EXCEEDED,INVALID
147,2,0,47,25210,36179,1,FEASIBLE,WORSE
148,2,0,48,26419,37042,0,CAPACITY_EXCEEDED,INVALID
149,2,0,49,25512,36253,1,FEASIBLE,WORSE
150,2,0,50,25483,36241,1,FEASIBLE,WORSE
151,2,0,51,25187,35994,1,FEASIBLE,WORSE
152,2,0,52,24969,36100,1,FEASIBLE,WORSE
153,2,0,53,25065,36440,1,FEASIBLE,WORSE
154,2,0,54,25706,36746,1,FEASIBLE,WORSE
155,2,0,55,26327,37095,0,CAPACITY_EXCEEDED,INVALID
156,2,0,56,26622,37473,0,CAPACITY_EXCEEDED,INVALID
157,2,0,57,26457,37454,0,CAPACITY_EXCEEDED,INVALID
158,2,0,58,26641,37016,0,CAPACITY_EXCEEDED,INVALID
159,2,0,59,24731,36040,1,FEASIBLE,WORSE
160,2,0,60,25489,36436,1,FEASIBLE,WORSE
161,2,0,61,25416,36242,1,FEASIBLE,WORSE
162,2,0,62,26261,37164,0,CAPACITY_EXCEEDED,INVALID
163,2,0,63,26690,37188,0,CAPACITY_EXCEEDED,INVALID
164,2,0,64,26083,36956,0,CAPACITY_EXCEEDED,INVALID
165,2,0,65,26655,37288,0,CAPACITY_EXCEEDED,INVALID
166,2,0,66,26564,37211,0,CAPACITY_EXCEEDED,INVALID
167,2,0,67,25196,36520,1,FEASIBLE,WORSE
168,2,0,68,26339,37321,0,CAPACITY_EXCEEDED,INVALID
169,2,0,69,24755,36109,1,FEASIBLE,WORSE
170,2,0,70,24929,36052,1,FEASIBLE,WORSE
171,2,0,71,26009,37120,0,CAPACITY_EXCEEDED,INVALID
172,2,0,72,26559,37341,0,CAPACITY_EXCEEDED,INVALID
173,2,0,73,25517,36777,1,FEASIBLE,WORSE
174,2,0,74,25343,36280,1,FEASIBLE,WORSE
175,2,0,75,24754,35969,1,FEASIBLE,WORSE
176,2,0,76,26561,37146,0,CAPACITY_EXCEEDED,INVALID
177,2,0,77,25401,36177,1,FEASIBLE,WORSE
178,2,0,78,25422,36643,1,FEASIBLE,WORSE
179,2,0,79,26327,36958,0,CAPACITY_EXCEEDED,INVALID
180,2,0,80,24870,36179,1,FEASIBLE,WORSE
181,2,0,81,26398,37286,0,CAPACITY_EXCEEDED,INVALID
182,2,0,82,26650,37115,0,CAPACITY_EXCEEDED,INVALID
183,2,0,83,26442,37380,0,CAPACITY_EXCEEDED,INVALID
184,2,0,84,26534,37176,0,CAPACITY_EXCEEDED,INVALID
185,2,0,85,25108,36533,1,FEASIBLE,WORSE
186,2,0,86,25350,36497,1,FEASIBLE,WORSE
187,2,0,87,25285,36526,1,FEASIBLE,WORSE
188,2,0,88,25223,36355,1,FEASIBLE,WORSE
189,2,0,89,26242,37233,0,CAPACITY_EXCEEDED,INVALID
190,2,0,90,26552,37040,0,CAPACITY_EXCEEDED,INVALID
191,2,0,91,25982,37030,0,CAPACITY_EXCEEDED,INVALID
192,2,0,92,25644,36837,1,FEASIBLE,WORSE
193,2,0,93,24979,36423,1,FEASIBLE,WORSE
194,2,0,94,25442,36583,1,FEASIBLE,WORSE
195,2,0,95,25293,36136,1,FEASIBLE,WORSE
196,2,0,96,25595,36439,1,FEASIBLE,WORSE
197,2,0,97,24883,36235,1,FEASIBLE,WORSE
198,2,0,98,25439,35963,1,FEASIBLE,WORSE
199,2,0,99,26005,37007,0,CAPACITY_EXCEEDED,INVALID
200,2,1,2,25976,36335,0,CAPACITY_EXCEEDED,INVALID
201,2,1,3,25015,35503,1,FEASIBLE,WORSE
202,2,1,4,26333,36294,0,CAPACITY_EXCEEDED,INVALID
203,2,1,5,25941,36456,0,CAPACITY_EXCEEDED,INVALID
204,2,1,6,24624,35208,1,FEASIBLE,WORSE
205,2,1,7,25586,35998,1,FEASIBLE,WORSE
206,2,1,8,24753,35566,1,FEASIBLE,WORSE
207,2,1,9,25378,35748,1,FEASIBLE,WORSE
208,2,1,10,26465,36662,0,CAPACITY_EXCEEDED,INVALID
209,2,1,11,25555,35713,1,FEASIBLE,WORSE
210,2,1,12,26555,36401,0,CAPACITY_EXCEEDED,INVALID
211,2,1,13,24829,35377,1,FEASIBLE,WORSE
212,2,1,14,26580,36298,0,CAPACITY_EXCEEDED,INVALID
213,2,1,15,26170,36443,0,CAPACITY_EXCEEDED,INVALID
214,2,1,16,25767,36228,0,CAPACITY_EXCEEDED,INVALID
215,2,1,17,26559,36475,0,CAPACITY_EXCEEDED,INVALID
216,2,1,18,25147,35800,1,FEASIBLE,WORSE
217,2,1,19,25505,35305,1,FEASIBLE,WORSE
218,2,1,20,26195,36588,0,CAPACITY_EXCEEDED,INVALID
219,2,1,21,26087,36322,0,CAPACITY_EXCEEDED,INVALID
220,2,1,22,26063,36467,0,CAPACITY_EXCEEDED,INVALID
221,2,1,23,25434,35216,1,FEASIBLE,WORSE
222,2,1,24,25712,36272,1,FEASIBLE,WORSE
223,2,1,25,25008,35587,1,FEASIBLE,WORSE
224,2,1,26,25136,35830,1,FEASIBLE,WORSE
225,2,1,27,25462,35547,1,FEASIBLE,WORSE
226,2,1,28,25149,35869,1,FEASIBLE,WORSE
227,2,1,29,24863,35516,1,FEASIBLE,WORSE
228,2,1,30,26305,36706,0,CAPACITY_EXCEEDED,INVALID
229,2,1,31,25117,35558,1,FEASIBLE,WORSE
230,2,1,32,25195,35306,1,FEASIBLE,WORSE
231,2,1,33,25228,35626,1,FEASIBLE,WORSE
232,2,1,34,25815,36351,0,CAPACITY_EXCEEDED,INVALID
233,2,1,35,25787,36273,0,CAPACITY_EXCEEDED,INVALID
234,2,1,36,25142,35261,1,FEASIBLE,WORSE
235,2,1,37,25480,35719,1,FEASIBLE,WORSE
236,2,1,38,26315,36402,0,CAPACITY_EXCEEDED,INVALID
237,2,1,39,24880,35261,1,FEASIBLE,WORSE
238,2,1,40,24977,35629,1,FEASIBLE,WORSE
239,2,1,41,25566,35479,1,FEASIBLE,WORSE
240,2,1,42,25224,35327,1,FEASIBLE,WORSE
241,2,1,43,25156,35922,1,FEASIBLE,WORSE
242,2,1,44,25495,35851,1,FEASIBLE,WORSE
243,2,1,45,24621,35329,1,FEASIBLE,WORSE
244,2,1,46,26345,36343,0,CAPACITY_EXCEEDED,INVALID
245,2,1,47,25086,35443,1,FEASIBLE,WORSE
246,2,1,48,26295,36306,0,CAPACITY_EXCEEDED,INVALID
247,2,1,49,25388,35517,1,FEASIBLE,WORSE
248,2,1,50,25359,35505,1,FEASIBLE,WORSE
249,2,1,51,25063,35258,1,FEASIBLE,WORSE
250,2,1,52,24845,35364,1,FEASIBLE,WORSE
251,2,1,53,24941,35704,1,FEASIBLE,WORSE
252,2,1,54,25582,36010,1,FEASIBLE,WORSE
253,2,1,55,26203,36359,0,CAPACITY_EXCEEDED,INVALID
254,2,1,56,26498,36737,0,CAPACITY_EXCEEDED,INVALID
255,2,1,57,26333,36718,0,CAPACITY_EXCEEDED,INVALID
256,2,1,58,26517,36280,0,CAPACITY_EXCEEDED,INVALID
257,2,1,59,24607,35304,1,FEASIBLE,WORSE
258,2,1,60,25365,35700,1,FEASIBLE,WORSE
259,2,1,61,25292,35506,1,FEASIBLE,WORSE
260,2,1,62,26137,36428,0,CAPACITY_EXCEEDED,INVALID
261,2,1,63,26566,36452,0,CAPACITY_EXCEEDED,INVALID
262,2,1,64,25959,36220,0,CAPACITY_EXCEEDED,INVALID
263,2,1,65,26531,36552,0,CAPACITY_EXCEEDED,INVALID
264,2,1,66,26440,36475,0,CAPACITY_EXCEEDED,INVALID
265,2,1,67,25072,35784,1,FEASIBLE,WORSE
266,2,1,68,26215,36585,0,CAPACITY_EXCEEDED,INVALID
267,2,1,69,24631,35373,1,FEASIBLE,WORSE
268,2,1,70,24805,35316,1,FEASIBLE,WORSE
269,2,1,71,25885,36384,0,CAPACITY_EXCEEDED,INVALID
270,2,1,72,26435,36605,0,CAPACITY_EXCEEDED,INVALID
271,2,1,73,25393,36041,1,FEASIBLE,WORSE
272,2,1,74,25219,35544,1,FEASIBLE,WORSE
273,2,1,75,24630,35233,1,FEASIBLE,WORSE
274,2,1,76,26437,36410,0,CAPACITY_EXCEEDED,INVALID
275,2,1,77,25277,35441,1,FEASIBLE,WORSE
276,2,1,78,25298,35907,1,FEASIBLE,WORSE
277,2,1,79,26203,36222,0,CAPACITY_EXCEEDED,INVALID
278,2,1,80,24746,35443,1,FEASIBLE,WORSE
279,2,1,81,26274,36550,0,CAPACITY_EXCEEDED,INVALID
280,2,1,82,26526,36379,0,CAPACITY_EXCEEDED,INVALID
281,2,1,83,26318,36644,0,CAPACITY_EXCEEDED,INVALID
282,2,1,84,26410,36440,0,CAPACITY_EXCEEDED,INVALID
283,2,1,85,24984,35797,1,FEASIBLE,WORSE
284,2,1,86,25226,35761,1,FEASIBLE,WORSE
285,2,1,87,25161,35790,1,FEASIBLE,WORSE
286,2,1,88,25099,35619,1,FEASIBLE,WORSE
287,2,1,89,26118,36497,0,CAPACITY_EXCEEDED,INVALID
288,2,1,90,26428,36304,0,CAPACITY_EXCEEDED,INVALID
289,2,1,91,25858,36294,0,CAPACITY_EXCEEDED,INVALID
290,2,1,92,25520,36101,1,FEASIBLE,WORSE
291,2,1,93,24855,35687,1,FEASIBLE,WORSE
292,2,1,94,25318,35847,1,FEASIBLE,WORSE
293,2,1,95,25169,35400,1,FEASIBLE,WORSE
294,2,1,96,25471,35703,1,FEASIBLE,WORSE
295,2,1,97,24759,35499,1,FEASIBLE,WORSE
296,2,1,98,25315,35227,1,FEASIBLE,WORSE
297,2,1,99,25881,36271,0,CAPACITY_EXCEEDED,INVALID
298,2,2,3,25543,36593,1,FEASIBLE,WORSE
299,2,2,4,26861,37384,0,CAPACITY_EXCEEDED,INVALID
300,2,2,5,26469,37546,0,CAPACITY_EXCEEDED,INVALID
301,2,2,6,25152,36298,1,FEASIBLE,WORSE
302,2,2,7,26114,37088,0,CAPACITY_EXCEEDED,INVALID
303,2,2,8,25281,36656,1,FEASIBLE,WORSE
304,2,2,9,25906,36838,0,CAPACITY_EXCEEDED,INVALID
305,2,2,10,26993,37752,0,CAPACITY_EXCEEDED,INVALID
306,2,2,11,26083,36803,0,CAPACITY_EXCEEDED,INVALID
307,2,2,12,27083,37491,0,CAPACITY_EXCEEDED,INVALID
308,2,2,13,25357,36467,1,FEASIBLE,WORSE
309,2,2,14,27108,37388,0,CAPACITY_EXCEEDED,INVALID
310,2,2,15,26698,37533,0,CAPACITY_EXCEEDED,INVALID
311,2,2,16,26295,37318,0,CAPACITY_EXCEEDED,INVALID
312,2,2,17,27087,37565,0,CAPACITY_EXCEEDED,INVALID
313,2,2,18,25675,36890,1,FEASIBLE,WORSE
314,2,2,19,26033,36395,0,CAPACITY_EXCEEDED,INVALID
315,2,2,20,26723,37678,0,CAPACITY_EXCEEDED,INVALID
316,2,2,21,26615,37412,0,CAPACITY_EXCEEDED,INVALID
317,2,2,22,26591,37557,0,CAPACITY_EXCEEDED,INVALID
318,2,2,23,25962,36306,0,CAPACITY_EXCEEDED,INVALID
319,2,2,24,26240,37362,0,CAPACITY_EXCEEDED,INVALID
320,2,2,25,25536,36677,1,FEASIBLE,WORSE
321,2,2,26,25664,36920,1,FEASIBLE,WORSE
322,2,2,27,25990,36637,0,CAPACITY_EXCEEDED,INVALID
323,2,2,28,25677,36959,1,FEASIBLE,WORSE
324,2,2,29,25391,36606,1,FEASIBLE,WORSE
325,2,2,30,26833,37796,0,CAPACITY_EXCEEDED,INVALID
326,2,2,31,25645,36648,1,FEASIBLE,WORSE
327,2,2,32,25723,36396,1,FEASIBLE,WORSE
328,2,2,33,25756,36716,0,CAPACITY_EXCEEDED,INVALID
329,2,2,34,26343,37441,0,CAPACITY_EXCEEDED,INVALID
330,2,2,35,26315,37363,0,CAPACITY_EXCEEDED,INVALID
331,2,2,36,25670,36351,1,FEASIBLE,WORSE
332,2,2,37,26008,36809,0,CAPACITY_EXCEEDED,INVALID
333,2,2,38,26843,37492,0,CAPACITY_EXCEEDED,INVALID
334,2,2,39,25408,36351,1,FEASIBLE,WORSE
335,2,2,40,25505,36719,1,FEASIBLE,WORSE
336,2,2,41,26094,36569,0,CAPACITY_EXCEEDED,INVALID
337,2,2,42,25752,36417,0,CAPACITY_EXCEEDED,INVALID
338,2,2,43,25684,37012,1,FEASIBLE,WORSE
339,2,2,44,26023,36941,0,CAPACITY_EXCEEDED,INVALID
340,2,2,45,25149,36419,1,FEASIBLE,WORSE
341,2,2,46,26873,37433,0,CAPACITY_EXCEEDED,INVALID
342,2,2,47,25614,36533,1,FEASIBLE,WORSE
343,2,2,48,26823,37396,0,CAPACITY_EXCEEDED,INVALID
344,2,2,49,25916,36607,0,CAPACITY_EXCEEDED,INVALID
345,2,2,50,25887,36595,0,CAPACITY_EXCEEDED,INVALID
346,2,2,51,25591,36348,1,FEASIBLE,WORSE
347,2,2,52,25373,36454,1,FEASIBLE,WORSE
348,2,2,53,25469,36794,1,FEASIBLE,WORSE
349,2,2,54,26110,37100,0,CAPACITY_EXCEEDED,INVALID
350,2,2,55,26731,37449,0,CAPACITY_EXCEEDED,INVALID
351,2,2,56,27026,37827,0,CAPACITY_EXCEEDED,INVALID
352,2,2,57,26861,37808,0,CAPACITY_EXCEEDED,INVALID
353,2,2,58,27045,37370,0,CAPACITY_EXCEEDED,INVALID
354,2,2,59,25135,36394,1,FEASIBLE,WORSE
355,2,2,60,25893,36790,0,CAPACITY_EXCEEDED,INVALID
356,2,2,61,25820,36596,0,CAPACITY_EXCEEDED,INVALID
357,2,2,62,26665,37518,0,CAPACITY_EXCEEDED,INVALID
358,2,2,63,27094,37542,0,CAPACITY_EXCEEDED,INVALID
359,2,2,64,26487,37310,0,CAPACITY_EXCEEDED,INVALID
360,2,2,65,27059,37642,0,CAPACITY_EXCEEDED,INVALID
361,2,2,66,26968,37565,0,CAPACITY_EXCEEDED,INVALID
362,2,2,67,25600,36874,1,FEASIBLE,WORSE
363,2,2,68,26743,37675,0,CAPACITY_EXCEEDED,INVALID
364,2,2,69,25159,36463,1,FEASIBLE,WORSE
365,2,2,70,25333,36406,1,FEASIBLE,WORSE
366,2,2,71,26413,37474,0,CAPACITY_EXCEEDED,INVALID
367,2,2,72,26963,37695,0,CAPACITY_EXCEEDED,INVALID
368,2,2,73,25921,37131,0,CAPACITY_EXCEEDED,INVALID
369,2,2,74,25747,36634,1,FEASIBLE,WORSE
370,2,2,75,25158,36323,1,FEASIBLE,WORSE
371,2,2,76,26965,37500,0,CAPACITY_EXCEEDED,INVALID
372,2,2,77,25805,36531,0,CAPACITY_EXCEEDED,INVALID
373,2,2,78,25826,36997,0,CAPACITY_EXCEEDED,INVALID
374,2,2,79,26731,37312,0,CAPACITY_EXCEEDED,INVALID
375,2,2,80,25274,36533,1,FEASIBLE,WORSE
376,2,2,81,26802,37640,0,CAPACITY_EXCEEDED,INVALID
377,2,2,82,27054,37469,0,CAPACITY_EXCEEDED,INVALID
378,2,2,83,26846,37734,0,CAPACITY_EXCEEDED,INVALID
379,2,2,84,26938,37530,0,CAPACITY_EXCEEDED,INVALID
380,2,2,85,25512,36887,1,FEASIBLE,WORSE
381,2,2,86,25754,36851,0,CAPACITY_EXCEEDED,INVALID
382,2,2,87,25689,36880,1,FEASIBLE,WORSE
383,2,2,88,25627,36709,1,FEASIBLE,WORSE
384,2,2,89,26646,37587,0,CAPACITY_EXCEEDED,INVALID
385,2,2,90,26956,37394,0,CAPACITY_EXCEEDED,INVALID
386,2,2,91,26386,37384,0,CAPACITY_EXCEEDED,INVALID
387,2,2,92,26048,37191,0,CAPACITY_EXCEEDED,INVALID
388,2,2,93,25383,36777,1,FEASIBLE,WORSE
389,2,2,94,25846,36937,0,CAPACITY_EXCEEDED,INVALID
390,2,2,95,25697,36490,1,FEASIBLE,WORSE
391,2,2,96,25999,36793,0,CAPACITY_EXCEEDED,INVALID
392,2,2,97,25287,36589,1,FEASIBLE,WORSE
393,2,2,98,25843,36317,0,CAPACITY_EXCEEDED,INVALID
394,2,2,99,26409,37361,0,CAPACITY_EXCEEDED,INVALID
395,2,3,4,25900,36552,0,CAPACITY_EXCEEDED,INVALID
396,2,3,5,25508,36714,1,FEASIBLE,WORSE
397,2,3,6,24191,35466,1,FEASIBLE,WORSE
398,2,3,7,25153,36256,1,FEASIBLE,WORSE
399,2,3,8,24320,35824,1,FEASIBLE,WORSE
400,2,3,9,24945,36006,1,FEASIBLE,WORSE
401,2,3,10,26032,36920,0,CAPACITY_EXCEEDED,INVALID
402,2,3,11,25122,35971,1,FEASIBLE,WORSE
403,2,3,12,26122,36659,0,CAPACITY_EXCEEDED,INVALID
404,2,3,13,24396,35635,1,FEASIBLE,WORSE
405,2,3,14,26147,36556,0,CAPACITY_EXCEEDED,INVALID
406,2,3,15,25737,36701,1,FEASIBLE,WORSE
407,2,3,16,25334,36486,1,FEASIBLE,WORSE
408,2,3,17,26126,36733,0,CAPACITY_EXCEEDED,INVALID
409,2,3,18,24714,36058,1,FEASIBLE,WORSE
410,2,3,19,25072,35563,1,FEASIBLE,WORSE
411,2,3,20,25762,36846,0,CAPACITY_EXCEEDED,INVALID
412,2,3,21,25654,36580,1,FEASIBLE,WORSE
413,2,3,22,25630,36725,1,FEASIBLE,WORSE
414,2,3,23,25001,35474,1,FEASIBLE,WORSE
415,2,3,24,25279,36530,1,FEASIBLE,WORSE
416,2,3,25,24575,35845,1,FEASIBLE,WORSE
417,2,3,26,24703,36088,1,FEASIBLE,WORSE
418,2,3,27,25029,35805,1,FEASIBLE,WORSE
419,2,3,28,24716,36127,1,FEASIBLE,WORSE
420,2,3,29,24430,35774,1,FEASIBLE,WORSE
421,2,3,30,25872,36964,0,CAPACITY_EXCEEDED,INVALID
422,2,3,31,24684,35816,1,FEASIBLE,WORSE
423,2,3,32,24762,35564,1,FEASIBLE,WORSE
424,2,3,33,24795,35884,1,FEASIBLE,WORSE
425,2,3,34,25382,36609,1,FEASIBLE,WORSE
426,2,3,35,25354,36531,1,FEASIBLE,WORSE
427,2,3,36,24709,35519,1,FEASIBLE,WORSE
428,2,3,37,25047,35977,1,FEASIBLE,WORSE
429,2,3,38,25882,36660,0,CAPACITY_EXCEEDED,INVALID
430,2,3,39,24447,35519,1,FEASIBLE,WORSE
431,2,3,40,24544,35887,1,FEASIBLE,WORSE
432,2,3,41,25133,35737,1,FEASIBLE,WORSE
433,2,3,42,24791,35585,1,FEASIBLE,WORSE
434,2,3,43,24723,36180,1,FEASIBLE,WORSE
435,2,3,44,25062,36109,1,FEASIBLE,WORSE
436,2,3,45,24188,35587,1,FEASIBLE,WORSE
437,2,3,46,25912,36601,0,CAPACITY_EXCEEDED,INVALID
438,2,3,47,24653,35701,1,FEASIBLE,WORSE
439,2,3,48,25862,36564,0,CAPACITY_EXCEEDED,INVALID
440,2,3,49,24955,35775,1,FEASIBLE,WORSE
441,2,3,50,24926,35763,1,FEASIBLE,WORSE
442,2,3,51,24630,35516,1,FEASIBLE,WORSE
443,2,3,52,24412,35622,1,FEASIBLE,WORSE
444,2,3,53,24508,35962,1,FEASIBLE,WORSE
445,2,3,54,25149,36268,1,FEASIBLE,WORSE
446,2,3,55,25770,36617,0,CAPACITY_EXCEEDED,INVALID
447,2,3,56,26065,36995,0,CAPACITY_EXCEEDED,INVALID
448,2,3,57,25900,36976,0,CAPACITY_EXCEEDED,INVALID
449,2,3,58,26084,36538,0,CAPACITY_EXCEEDED,INVALID
450,2,3,59,24174,35562,1,FEASIBLE,WORSE
451,2,3,60,24932,35958,1,FEASIBLE,WORSE
452,2,3,61,24859,35764,1,FEASIBLE,WORSE
453,2,3,62,25704,36686,1,FEASIBLE,WORSE
454,2,3,63,26133,36710,0,CAPACITY_EXCEEDED,INVALID
455,2,3,64,25526,36478,1,FEASIBLE,WORSE
456,2,3,65,26098,36810,0,CAPACITY_EXCEEDED,INVALID
457,2,3,66,26007,36733,0,CAPACITY_EXCEEDED,INVALID
458,2,3,67,24639,36042,1,FEASIBLE,WORSE
459,2,3,68,25782,36843,0,CAPACITY_EXCEEDED,INVALID
460,2,3,69,24198,35631,1,FEASIBLE,WORSE
461,2,3,70,24372,35574,1,FEASIBLE,WORSE
462,2,3,71,25452,36642,1,FEASIBLE,WORSE
463,2,3,72,26002,36863,0,CAPACITY_EXCEEDED,INVALID
464,2,3,73,24960,36299,1,FEASIBLE,WORSE
465,2,3,74,24786,35802,1,FEASIBLE,WORSE
466,2,3,75,24197,35491,1,FEASIBLE,WORSE
467,2,3,76,26004,36668,0,CAPACITY_EXCEEDED,INVALID
468,2,3,77,24844,35699,1,FEASIBLE,WORSE
469,2,3,78,24865,36165,1,FEASIBLE,WORSE
470,2,3,79,25770,36480,0,CAPACITY_EXCEEDED,INVALID
471,2,3,80,24313,35701,1,FEASIBLE,WORSE
472,2,3,81,25841,36808,0,CAPACITY_EXCEEDED,INVALID
473,2,3,82,26093,36637,0,CAPACITY_EXCEEDED,INVALID
474,2,3,83,25885,36902,0,CAPACITY_EXCEEDED,INVALID
475,2,3,84,25977,36698,0,CAPACITY_EXCEEDED,INVALID
476,2,3,85,24551,36055,1,FEASIBLE,WORSE
477,2,3,86,24793,36019,1,FEASIBLE,WORSE
478,2,3,87,24728,36048,1,FEASIBLE,WORSE
479,2,3,88,24666,35877,1,FEASIBLE,WORSE
480,2,3,89,25685,36755,1,FEASIBLE,WORSE
481,2,3,90,25995,36562,0,CAPACITY_EXCEEDED,INVALID
482,2,3,91,25425,36552,1,FEASIBLE,WORSE
483,2,3,92,25087,36359,1,FEASIBLE,WORSE
484,2,3,93,24422,35945,1,FEASIBLE,WORSE
485,2,3,94,24885,36105,1,FEASIBLE,WORSE
486,2,3,95,24736,35658,1,FEASIBLE,WORSE
487,2,3,96,25038,35961,1,FEASIBLE,WORSE
488,2,3,97,24326,35757,1,FEASIBLE,WORSE
489,2,3,98,24882,35485,1,FEASIBLE,WORSE
490,2,3,99,25448,36529,1,FEASIBLE,WORSE
491,2,4,5,26826,37505,0,CAPACITY_EXCEEDED,INVALID
492,2,4,6,25509,36257,1,FEASIBLE,WORSE
493,2,4,7,26471,37047,0,CAPACITY_EXCEEDED,INVALID
494,2,4,8,25638,36615,1,FEASIBLE,WORSE
495,2,4,9,26263,36797,0,CAPACITY_EXCEEDED,INVALID
496,2,4,10,27350,37711,0,CAPACITY_EXCEEDED,INVALID
497,2,4,11,26440,36762,0,CAPACITY_EXCEEDED,INVALID
498,2,4,12,27440,37450,0,CAPACITY_EXCEEDED,INVALID
499,2,4,13,25714,36426,1,FEASIBLE,WORSE
500,2,4,14,27465,37347,0,CAPACITY_EXCEEDED,INVALID
501,2,4,15,27055,37492,0,CAPACITY_EXCEEDED,INVALID
502,2,4,16,26652,37277,0,CAPACITY_EXCEEDED,INVALID
503,2,4,17,27444,37524,0,CAPACITY_EXCEEDED,INVALID
504,2,4,18,26032,36849,0,CAPACITY_EXCEEDED,INVALID
505,2,4,19,26390,36354,0,CAPACITY_EXCEEDED,INVALID
506,2,4,20,27080,37637,0,CAPACITY_EXCEEDED,INVALID
507,2,4,21,26972,37371,0,CAPACITY_EXCEEDED,INVALID
508,2,4,22,26948,37516,0,CAPACITY_EXCEEDED,INVALID
509,2,4,23,26319,36265,0,CAPACITY_EXCEEDED,INVALID
510,2,4,24,26597,37321,0,CAPACITY_EXCEEDED,INVALID
511,2,4,25,25893,36636,0,CAPACITY_EXCEEDED,INVALID
512,2,4,26,26021,36879,0,CAPACITY_EXCEEDED,INVALID
513,2,4,27,26347,36596,0,CAPACITY_EXCEEDED,INVALID
514,2,4,28,26034,36918,0,CAPACITY_EXCEEDED,INVALID
515,2,4,29,25748,36565,1,FEASIBLE,WORSE
516,2,4,30,27190,37755,0,CAPACITY_EXCEEDED,INVALID
517,2,4,31,26002,36607,0,CAPACITY_EXCEEDED,INVALID
518,2,4,32,26080,36355,0,CAPACITY_EXCEEDED,INVALID
519,2,4,33,26113,36675,0,CAPACITY_EXCEEDED,INVALID
520,2,4,34,26700,37400,0,CAPACITY_EXCEEDED,INVALID
521,2,4,35,26672,37322,0,CAPACITY_EXCEEDED,INVALID
522,2,4,36,26027,36310,0,CAPACITY_EXCEEDED,INVALID
523,2,4,37,26365,36768,0,CAPACITY_EXCEEDED,INVALID
524,2,4,38,27200,37451,0,CAPACITY_EXCEEDED,INVALID
525,2,4,39,25765,36310,0,CAPACITY_EXCEEDED,INVALID
526,2,4,40,25862,36678,0,CAPACITY_EXCEEDED,INVALID
527,2,4,41,26451,36528,0,CAPACITY_EXCEEDED,INVALID
528,2,4,42,26109,36376,0,CAPACITY_EXCEEDED,INVALID
529,2,4,43,26041,36971,0,CAPACITY_EXCEEDED,INVALID
530,2,4,44,26380,36900,0,CAPACITY_EXCEEDED,INVALID
531,2,4,45,25506,36378,1,FEASIBLE,WORSE
532,2,4,46,27230,37392,0,CAPACITY_EXCEEDED,INVALID
533,2,4,47,25971,36492,0,CAPACITY_EXCEEDED,INVALID
534,2,4,48,27180,37355,0,CAPACITY_EXCEEDED,INVALID
535,2,4,49,26273,36566,0,CAPACITY_EXCEEDED,INVALID
536,2,4,50,26244,36554,0,CAPACITY_EXCEEDED,INVALID
537,2,4,51,25948,36307,0,CAPACITY_EXCEEDED,INVALID
538,2,4,52,25730,36413,1,FEASIBLE,WORSE
539,2,4,53,25826,36753,0,CAPACITY_EXCEEDED,INVALID
540,2,4,54,26467,37059,0,CAPACITY_EXCEEDED,INVALID
541,2,4,55,27088,37408,0,CAPACITY_EXCEEDED,INVALID
542,2,4,56,27383,37786,0,CAPACITY_EXCEEDED,INVALID
543,2,4,57,27218,37767,0,CAPACITY_EXCEEDED,INVALID
544,2,4,58,27402,37329,0,CAPACITY_EXCEEDED,INVALID
545,2,4,59,25492,36353,1,FEASIBLE,WORSE
546,2,4,60,26250,36749,0,CAPACITY_EXCEEDED,INVALID
547,2,4,61,26177,36555,0,CAPACITY_EXCEEDED,INVALID
548,2,4,62,27022,37477,0,CAPACITY_EXCEEDED,INVALID
549,2,4,63,27451,37501,0,CAPACITY_EXCEEDED,INVALID
550,2,4,64,26844,37269,0,CAPACITY_EXCEEDED,INVALID
551,2,4,65,27416,37601,0,CAPACITY_EXCEEDED,INVALID
552,2,4,66,27325,37524,0,CAPACITY_EXCEEDED,INVALID
553,2,4,67,25957,36833,0,CAPACITY_EXCEEDED,INVALID
554,2,4,68,27100,37634,0,CAPACITY_EXCEEDED,INVALID
555,2,4,69,25516,36422,1,FEASIBLE,WORSE
556,2,4,70,25690,36365,1,FEASIBLE,WORSE
557,2,4,71,26770,37433,0,CAPACITY_EXCEEDED,INVALID
558,2,4,72,27320,37654,0,CAPACITY_EXCEEDED,INVALID
559,2,4,73,26278,37090,0,CAPACITY_EXCEEDED,INVALID
560,2,4,74,26104,36593,0,CAPACITY_EXCEEDED,INVALID
561,2,4,75,25515,36282,1,FEASIBLE,WORSE
562,2,4,76,27322,37459,0,CAPACITY_EXCEEDED,INVALID
563,2,4,77,26162,36490,0,CAPACITY_EXCEEDED,INVALID
564,2,4,78,26183,36956,0,CAPACITY_EXCEEDED,INVALID
565,2,4,79,27088,37271,0,CAPACITY_EXCEEDED,INVALID
566,2,4,80,25631,36492,1,FEASIBLE,WORSE
567,2,4,81,27159,37599,0,CAPACITY_EXCEEDED,INVALID
568,2,4,82,27411,37428,0,CAPACITY_EXCEEDED,INVALID
569,2,4,83,27203,37693,0,CAPACITY_EXCEEDED,INVALID
570,2,4,84,27295,37489,0,CAPACITY_EXCEEDED,INVALID
571,2,4,85,25869,36846,0,CAPACITY_EXCEEDED,INVALID
572,2,4,86,26111,36810,0,CAPACITY_EXCEEDED,INVALID
573,2,4,87,26046,36839,0,CAPACITY_EXCEEDED,INVALID
574,2,4,88,25984,36668,0,CAPACITY_EXCEEDED,INVALID
575,2,4,89,27003,37546,0,CAPACITY_EXCEEDED,INVALID
576,2,4,90,27313,37353,0,CAPACITY_EXCEEDED,INVALID
577,2,4,91,26743,37343,0,CAPACITY_EXCEEDED,INVALID
578,2,4,92,26405,37150,0,CAPACITY_EXCEEDED,INVALID
579,2,4,93,25740,36736,1,FEASIBLE,WORSE
580,2,4,94,26203,36896,0,CAPACITY_EXCEEDED,INVALID
581,2,4,95,26054,36449,0,CAPACITY_EXCEEDED,INVALID
582,2,4,96,26356,36752,0,CAPACITY_EXCEEDED,INVALID
583,2,4,97,25644,36548,1,FEASIBLE,WORSE
584,2,4,98,26200,36276,0,CAPACITY_EXCEEDED,INVALID
585,2,4,99,26766,37320,0,CAPACITY_EXCEEDED,INVALID
586,2,5,6,25117,36419,1,FEASIBLE,WORSE
587,2,5,7,26079,37209,0,CAPACITY_EXCEEDED,INVALID
588,2,5,8,25246,36777,1,FEASIBLE,WORSE
589,2,5,9,25871,36959,0,CAPACITY_EXCEEDED,INVALID
590,2,5,10,26958,37873,0,CAPACITY_EXCEEDED,INVALID
591,2,5,11,26048,36924,0,CAPACITY_EXCEEDED,INVALID
592,2,5,12,27048,37612,0,CAPACITY_EXCEEDED,INVALID
593,2,5,13,25322,36588,1,FEASIBLE,WORSE
594,2,5,14,27073,37509,0,CAPACITY_EXCEEDED,INVALID
595,2,5,15,26663,37654,0,CAPACITY_EXCEEDED,INVALID
596,2,5,16,26260,37439,0,CAPACITY_EXCEEDED,INVALID
597,2,5,17,27052,37686,0,CAPACITY_EXCEEDED,INVALID
598,2,5,18,25640,37011,1,FEASIBLE,WORSE
599,2,5,19,25998,36516,0,CAPACITY_EXCEEDED,INVALID
600,2,5,20,26688,37799,0,CAPACITY_EXCEEDED,INVALID
601,2,5,21,26580,37533,0,CAPACITY_EXCEEDED,INVALID
602,2,5,22,26556,37678,0,CAPACITY_EXCEEDED,INVALID
603,2,5,23,25927,36427,0,CAPACITY_EXCEEDED,INVALID
604,2,5,24,26205,37483,0,CAPACITY_EXCEEDED,INVALID
605,2,5,25,25501,36798,1,FEASIBLE,WORSE
606,2,5,26,25629,37041,1,FEASIBLE,WORSE
607,2,5,27,25955,36758,0,CAPACITY_EXCEEDED,INVALID
608,2,5,28,25642,37080,1,FEASIBLE,WORSE
609,2,5,29,25356,36727,1,FEASIBLE,WORSE
610,2,5,30,26798,37917,0,CAPACITY_EXCEEDED,INVALID
611,2,5,31,25610,36769,1,FEASIBLE,WORSE
612,2,5,32,25688,36517,1,FEASIBLE,WORSE
613,2,5,33,25721,36837,1,FEASIBLE,WORSE
614,2,5,34,26308,37562,0,CAPACITY_EXCEEDED,INVALID
615,2,5,35,26280,37484,0,CAPACITY_EXCEEDED,INVALID
616,2,5,36,25635,36472,1,FEASIBLE,WORSE
617,2,5,37,25973,36930,0,CAPACITY_EXCEEDED,INVALID
618,2,5,38,26808,37613,0,CAPACITY_EXCEEDED,INVALID
619,2,5,39,25373,36472,1,FEASIBLE,WORSE
620,2,5,40,25470,36840,1,FEASIBLE,WORSE
621,2,5,41,26059,36690,0,CAPACITY_EXCEEDED,INVALID
622,2,5,42,25717,36538,1,FEASIBLE,WORSE
623,2,5,43,25649,37133,1,FEASIBLE,WORSE
624,2,5,44,25988,37062,0,CAPACITY_EXCEEDED,INVALID
625,2,5,45,25114,36540,1,FEASIBLE,WORSE
626,2,5,46,26838,37554,0,CAPACITY_EXCEEDED,INVALID
627,2,5,47,25579,36654,1,FEASIBLE,WORSE
628,2,5,48,26788,37517,0,CAPACITY_EXCEEDED,INVALID
629,2,5,49,25881,36728,0,CAPACITY_EXCEEDED,INVALID
630,2,5,50,25852,36716,0,CAPACITY_EXCEEDED,INVALID
631,2,5,51,25556,36469,1,FEASIBLE,WORSE
632,2,5,52,25338,36575,1,FEASIBLE,WORSE
633,2,5,53,25434,36915,1,FEASIBLE,WORSE
634,2,5,54,26075,37221,0,CAPACITY_EXCEEDED,INVALID
635,2,5,55,26696,37570,0,CAPACITY_EXCEEDED,INVALID
636,2,5,56,26991,37948,0,CAPACITY_EXCEEDED,INVALID
637,2,5,57,26826,37929,0,CAPACITY_EXCEEDED,INVALID
638,2,5,58,27010,37491,0,CAPACITY_EXCEEDED,INVALID
639,2,5,59,25100,36515,1,FEASIBLE,WORSE
640,2,5,60,25858,36911,0,CAPACITY_EXCEEDED,INVALID
641,2,5,61,25785,36717,0,CAPACITY_EXCEEDED,INVALID
642,2,5,62,26630,37639,0,CAPACITY_EXCEEDED,INVALID
643,2,5,63,27059,37663,0,CAPACITY_EXCEEDED,INVALID
644,2,5,64,26452,37431,0,CAPACITY_EXCEEDED,INVALID
645,2,5,65,27024,37763,0,CAPACITY_EXCEEDED,INVALID
646,2,5,66,26933,37686,0,CAPACITY_EXCEEDED,INVALID
647,2,5,67,25565,36995,1,FEASIBLE,WORSE
648,2,5,68,26708,37796,0,CAPACITY_EXCEEDED,INVALID
649,2,5,69,25124,36584,1,FEASIBLE,WORSE
650,2,5,70,25298,36527,1,FEASIBLE,WORSE
651,2,5,71,26378,37595,0,CAPACITY_EXCEEDED,INVALID
652,2,5,72,26928,37816,0,CAPACITY_EXCEEDED,INVALID
653,2,5,73,25886,37252,0,CAPACITY_EXCEEDED,INVALID
654,2,5,74,25712,36755,1,FEASIBLE,WORSE
655,2,5,75,25123,36444,1,FEASIBLE,WORSE
656,2,5,76,26930,37621,0,CAPACITY_EXCEEDED,INVALID
657,2,5,77,25770,36652,0,CAPACITY_EXCEEDED,INVALID
658,2,5,78,25791,37118,0,CAPACITY_EXCEEDED,INVALID
659,2,5,79,26696,37433,0,CAPACITY_EXCEEDED,INVALID
660,2,5,80,25239,36654,1,FEASIBLE,WORSE
661,2,5,81,26767,37761,0,CAPACITY_EXCEEDED,INVALID
662,2,5,82,27019,37590,0,CAPACITY_EXCEEDED,INVALID
663,2,5,83,26811,37855,0,CAPACITY_EXCEEDED,INVALID
664,2,5,84,26903,37651,0,CAPACITY_EXCEEDED,INVALID
665,2,5,85,25477,37008,1,FEASIBLE,WORSE
666,2,5,86,25719,36972,1,FEASIBLE,WORSE
667,2,5,87,25654,37001,1,FEASIBLE,WORSE
668,2,5,88,25592,36830,1,FEASIBLE,WORSE
669,2,5,89,26611,37708,0,CAPACITY_EXCEEDED,INVALID
670,2,5,90,26921,37515,0,CAPACITY_EXCEEDED,INVALID
671,2,5,91,26351,37505,0,CAPACITY_EXCEEDED,INVALID
672,2,5,92,26013,37312,0,CAPACITY_EXCEEDED,INVALID
673,2,5,93,25348,36898,1,FEASIBLE,WORSE
674,2,5,94,25811,37058,0,CAPACITY_EXCEEDED,INVALID
675,2,5,95,25662,36611,1,FEASIBLE,WORSE
676,2,5,96,25964,36914,0,CAPACITY_EXCEEDED,INVALID
677,2,5,97,25252,36710,1,FEASIBLE,WORSE
678,2,5,98,25808,36438,0,CAPACITY_EXCEEDED,INVALID
679,2,5,99,26374,37482,0,CAPACITY_EXCEEDED,INVALID
680,2,6,7,24762,35961,1,FEASIBLE,WORSE
681,2,6,8,23929,35529,1,FEASIBLE,WORSE
682,2,6,9,24554,35711,1,FEASIBLE,WORSE
683,2,6,10,25641,36625,1,FEASIBLE,WORSE
684,2,6,11,24731,35676,1,FEASIBLE,WORSE
685,2,6,12,25731,36364,1,FEASIBLE,WORSE
686,2,6,13,24005,35340,1,FEASIBLE,WORSE
687,2,6,14,25756,36261,0,CAPACITY_EXCEEDED,INVALID
688,2,6,15,25346,36406,1,FEASIBLE,WORSE
689,2,6,16,24943,36191,1,FEASIBLE,WORSE
690,2,6,17,25735,36438,1,FEASIBLE,WORSE
691,2,6,18,24323,35763,1,FEASIBLE,WORSE
692,2,6,19,24681,35268,1,FEASIBLE,WORSE
693,2,6,20,25371,36551,1,FEASIBLE,WORSE
694,2,6,21,25263,36285,1,FEASIBLE,WORSE
695,2,6,22,25239,36430,1,FEASIBLE,WORSE
696,2,6,23,24610,35179,1,FEASIBLE,WORSE
697,2,6,24,24888,36235,1,FEASIBLE,WORSE
698,2,6,25,24184,35550,1,FEASIBLE,WORSE
699,2,6,26,24312,35793,1,FEASIBLE,WORSE
700,2,6,27,24638,35510,1,FEASIBLE,WORSE
701,2,6,28,24325,35832,1,FEASIBLE,WORSE
702,2,6,29,24039,35479,1,FEASIBLE,WORSE
703,2,6,30,25481,36669,1,FEASIBLE,WORSE
704,2,6,31,24293,35521,1,FEASIBLE,WORSE
705,2,6,32,24371,35269,1,FEASIBLE,WORSE
706,2,6,33,24404,35589,1,FEASIBLE,WORSE
707,2,6,34,24991,36314,1,FEASIBLE,WORSE
708,2,6,35,24963,36236,1,FEASIBLE,WORSE
709,2,6,36,24318,35224,1,FEASIBLE,WORSE
710,2,6,37,24656,35682,1,FEASIBLE,WORSE
711,2,6,38,25491,36365,1,FEASIBLE,WORSE
712,2,6,39,24056,35224,1,FEASIBLE,WORSE
713,2,6,40,24153,35592,1,FEASIBLE,WORSE
714,2,6,41,24742,35442,1,FEASIBLE,WORSE
715,2,6,42,24400,35290,1,FEASIBLE,WORSE
716,2,6,43,24332,35885,1,FEASIBLE,WORSE
717,2,6,44,24671,35814,1,FEASIBLE,WORSE
718,2,6,45,23797,35292,1,FEASIBLE,WORSE
719,2,6,46,25521,36306,1,FEASIBLE,WORSE
720,2,6,47,24262,35406,1,FEASIBLE,WORSE
721,2,6,48,25471,36269,1,FEASIBLE,WORSE
722,2,6,49,24564,35480,1,FEASIBLE,WORSE
723,2,6,50,24535,35468,1,FEASIBLE,WORSE
724,2,6,51,24239,35221,1,FEASIBLE,WORSE
725,2,6,52,24021,35327,1,FEASIBLE,WORSE
726,2,6,53,24117,35667,1,FEASIBLE,WORSE
727,2,6,54,24758,35973,1,FEASIBLE,WORSE
728,2,6,55,25379,36322,1,FEASIBLE,WORSE
729,2,6,56,25674,36700,1,FEASIBLE,WORSE
730,2,6,57,25509,36681,1,FEASIBLE,WORSE
731,2,6,58,25693,36243,1,FEASIBLE,WORSE
732,2,6,59,23783,35267,1,FEASIBLE,WORSE
733,2,6,60,24541,35663,1,FEASIBLE,WORSE
734,2,6,61,24468,35469,1,FEASIBLE,WORSE
735,2,6,62,25313,36391,1,FEASIBLE,WORSE
736,2,6,63,25742,36415,1,FEASIBLE,WORSE
737,2,6,64,25135,36183,1,FEASIBLE,WORSE
738,2,6,65,25707,36515,1,FEASIBLE,WORSE
739,2,6,66,25616,36438,1,FEASIBLE,WORSE
740,2,6,67,24248,35747,1,FEASIBLE,WORSE
741,2,6,68,25391,36548,1,FEASIBLE,WORSE
742,2,6,69,23807,35336,1,FEASIBLE,WORSE
743,2,6,70,23981,35279,1,FEASIBLE,WORSE
744,2,6,71,25061,36347,1,FEASIBLE,WORSE
745,2,6,72,25611,36568,1,FEASIBLE,WORSE
746,2,6,73,24569,36004,1,FEASIBLE,WORSE
747,2,6,74,24395,35507,1,FEASIBLE,WORSE
748,2,6,75,23806,35196,1,FEASIBLE,WORSE
749,2,6,76,25613,36373,1,FEASIBLE,WORSE
750,2,6,77,24453,35404,1,FEASIBLE,WORSE
751,2,6,78,24474,35870,1,FEASIBLE,WORSE
752,2,6,79,25379,36185,1,FEASIBLE,WORSE
753,2,6,80,23922,35406,1,FEASIBLE,WORSE
754,2,6,81,25450,36513,1,FEASIBLE,WORSE
755,2,6,82,25702,36342,1,FEASIBLE,WORSE
756,2,6,83,25494,36607,1,FEASIBLE,WORSE
757,2,6,84,25586,36403,1,FEASIBLE,WORSE
758,2,6,85,24160,35760,1,FEASIBLE,WORSE
759,2,6,86,24402,35724,1,FEASIBLE,WORSE
760,2,6,87,24337,35753,1,FEASIBLE,WORSE
761,2,6,88,24275,35582,1,FEASIBLE,WORSE
762,2,6,89,25294,36460,1,FEASIBLE,WORSE
763,2,6,90,25604,36267,1,FEASIBLE,WORSE
764,2,6,91,25034,36257,1,FEASIBLE,WORSE
765,2,6,92,24696,36064,1,FEASIBLE,WORSE
766,2,6,93,24031,35650,1,FEASIBLE,WORSE
767,2,6,94,24494,35810,1,FEASIBLE,WORSE
768,2,6,95,24345,35363,1,FEASIBLE,WORSE
769,2,6,96,24647,35666,1,FEASIBLE,WORSE
770,2,6,97,23935,35462,1,FEASIBLE,WORSE
771,2,6,98,24491,35190,1,FEASIBLE,WORSE
772,2,6,99,25057,36234,1,FEASIBLE,WORSE
773,2,7,8,24891,36319,1,FEASIBLE,WORSE
774,2,7,9,25516,36501,1,FEASIBLE,WORSE
775,2,7,10,26603,37415,0,CAPACITY_EXCEEDED,INVALID
776,2,7,11,25693,36466,1,FEASIBLE,WORSE
777,2,7,12,26693,37154,0,CAPACITY_EXCEEDED,INVALID
778,2,7,13,24967,36130,1,FEASIBLE,WORSE
779,2,7,14,26718,37051,0,CAPACITY_EXCEEDED,INVALID
780,2,7,15,26308,37196,0,CAPACITY_EXCEEDED,INVALID
781,2,7,16,25905,36981,0,CAPACITY_EXCEEDED,INVALID
782,2,7,17,26697,37228,0,CAPACITY_EXCEEDED,INVALID
783,2,7,18,25285,36553,1,FEASIBLE,WORSE
784,2,7,19,25643,36058,1,FEASIBLE,WORSE
785,2,7,20,26333,37341,0,CAPACITY_EXCEEDED,INVALID
786,2,7,21,26225,37075,0,CAPACITY_EXCEEDED,INVALID
787,2,7,22,26201,37220,0,CAPACITY_EXCEEDED,INVALID
788,2,7,23,25572,35969,1,FEASIBLE,WORSE
789,2,7,24,25850,37025,0,CAPACITY_EXCEEDED,INVALID
790,2,7,25,25146,36340,1,FEASIBLE,WORSE
791,2,7,26,25274,36583,1,FEASIBLE,WORSE
792,2,7,27,25600,36300,1,FEASIBLE,WORSE
793,2,7,28,25287,36622,1,FEASIBLE,WORSE
794,2,7,29,25001,36269,1,FEASIBLE,WORSE
795,2,7,30,26443,37459,0,CAPACITY_EXCEEDED,INVALID
796,2,7,31,25255,36311,1,FEASIBLE,WORSE
797,2,7,32,25333,36059,1,FEASIBLE,WORSE
798,2,7,33,25366,36379,1,FEASIBLE,WORSE
799,2,7,34,25953,37104,0,CAPACITY_EXCEEDED,INVALID
800,2,7,35,25925,37026,0,CAPACITY_EXCEEDED,INVALID
801,2,7,36,25280,36014,1,FEASIBLE,WORSE
802,2,7,37,25618,36472,1,FEASIBLE,WORSE
803,2,7,38,26453,37155,0,CAPACITY_EXCEEDED,INVALID
804,2,7,39,25018,36014,1,FEASIBLE,WORSE
805,2,7,40,25115,36382,1,FEASIBLE,WORSE
806,2,7,41,25704,36232,1,FEASIBLE,WORSE
807,2,7,42,25362,36080,1,FEASIBLE,WORSE
808,2,7,43,25294,36675,1,FEASIBLE,WORSE
809,2,7,44,25633,36604,1,FEASIBLE,WORSE
810,2,7,45,24759,36082,1,FEASIBLE,WORSE
811,2,7,46,26483,37096,0,CAPACITY_EXCEEDED,INVALID
812,2,7,47,25224,36196,1,FEASIBLE,WORSE
813,2,7,48,26433,37059,0,CAPACITY_EXCEEDED,INVALID
814,2,7,49,25526,36270,1,FEASIBLE,WORSE
815,2,7,50,25497,36258,1,FEASIBLE,WORSE
816,2,7,51,25201,36011,1,FEASIBLE,WORSE
817,2,7,52,24983,36117,1,FEASIBLE,WORSE
818,2,7,53,25079,36457,1,FEASIBLE,WORSE
819,2,7,54,25720,36763,1,FEASIBLE,WORSE
820,2,7,55,26341,37112,0,CAPACITY_EXCEEDED,INVALID
821,2,7,56,26636,37490,0,CAPACITY_EXCEEDED,INVALID
822,2,7,57,26471,37471,0,CAPACITY_EXCEEDED,INVALID
823,2,7,58,26655,37033,0,CAPACITY_EXCEEDED,INVALID
824,2,7,59,24745,36057,1,FEASIBLE,WORSE
825,2,7,60,25503,36453,1,FEASIBLE,WORSE
826,2,7,61,25430,36259,1,FEASIBLE,WORSE
827,2,7,62,26275,37181,0,CAPACITY_EXCEEDED,INVALID
828,2,7,63,26704,37205,0,CAPACITY_EXCEEDED,INVALID
829,2,7,64,26097,36973,0,CAPACITY_EXCEEDED,INVALID
830,2,7,65,26669,37305,0,CAPACITY_EXCEEDED,INVALID
831,2,7,66,26578,37228,0,CAPACITY_EXCEEDED,INVALID
832,2,7,67,25210,36537,1,FEASIBLE,WORSE
833,2,7,68,26353,37338,0,CAPACITY_EXCEEDED,INVALID
834,2,7,69,24769,36126,1,FEASIBLE,WORSE
835,2,7,70,24943,36069,1,FEASIBLE,WORSE
836,2,7,71,26023,37137,0,CAPACITY_EXCEEDED,INVALID
837,2,7,72,26573,37358,0,CAPACITY_EXCEEDED,INVALID
838,2,7,73,25531,36794,1,FEASIBLE,WORSE
839,2,7,74,25357,36297,1,FEASIBLE,WORSE
840,2,7,75,24768,35986,1,FEASIBLE,WORSE
841,2,7,76,26575,37163,0,CAPACITY_EXCEEDED,INVALID
842,2,7,77,25415,36194,1,FEASIBLE,WORSE
843,2,7,78,25436,36660,1,FEASIBLE,WORSE
844,2,7,79,26341,36975,0,CAPACITY_EXCEEDED,INVALID
845,2,7,80,24884,36196,1,FEASIBLE,WORSE
846,2,7,81,26412,37303,0,CAPACITY_EXCEEDED,INVALID
847,2,7,82,26664,37132,0,CAPACITY_EXCEEDED,INVALID
848,2,7,83,26456,37397,0,CAPACITY_EXCEEDED,INVALID
849,2,7,84,26548,37193,0,CAPACITY_EXCEEDED,INVALID
850,2,7,85,25122,36550,1,FEASIBLE,WORSE
851,2,7,86,25364,36514,1,FEASIBLE,WORSE
852,2,7,87,25299,36543,1,FEASIBLE,WORSE
853,2,7,88,25237,36372,1,FEASIBLE,WORSE
854,2,7,89,26256,37250,0,CAPACITY_EXCEEDED,INVALID
855,2,7,90,26566,37057,0,CAPACITY_EXCEEDED,INVALID
856,2,7,91,25996,37047,0,CAPACITY_EXCEEDED,INVALID
857,2,7,92,25658,36854,1,FEASIBLE,WORSE
858,2,7,93,24993,36440,1,FEASIBLE,WORSE
859,2,7,94,25456,36600,1,FEASIBLE,WORSE
860,2,7,95,25307,36153,1,FEASIBLE,WORSE
861,2,7,96,25609,36456,1,FEASIBLE,WORSE
862,2,7,97,24897,36252,1,FEASIBLE,WORSE
863,2,7,98,25453,35980,1,FEASIBLE,WORSE
864,2,7,99,26019,37024,0,CAPACITY_EXCEEDED,INVALID
865,2,8,9,24683,36069,1,FEASIBLE,WORSE
866,2,8,10,25770,36983,0,CAPACITY_EXCEEDED,INVALID
867,2,8,11,24860,36034,1,FEASIBLE,WORSE
868,2,8,12,25860,36722,0,CAPACITY_EXCEEDED,INVALID
869,2,8,13,24134,35698,1,FEASIBLE,WORSE
870,2,8,14,25885,36619,0,CAPACITY_EXCEEDED,INVALID
871,2,8,15,25475,36764,1,FEASIBLE,WORSE
872,2,8,16,25072,36549,1,FEASIBLE,WORSE
873,2,8,17,25864,36796,0,CAPACITY_EXCEEDED,INVALID
874,2,8,18,24452,36121,1,FEASIBLE,WORSE
875,2,8,19,24810,35626,1,FEASIBLE,WORSE
876,2,8,20,25500,36909,1,FEASIBLE,WORSE
877,2,8,21,25392,36643,1,FEASIBLE,WORSE
878,2,8,22,25368,36788,1,FEASIBLE,WORSE
879,2,8,23,24739,35537,1,FEASIBLE,WORSE
880,2,8,24,25017,36593,1,FEASIBLE,WORSE
881,2,8,25,24313,35908,1,FEASIBLE,WORSE
882,2,8,26,24441,36151,1,FEASIBLE,WORSE
883,2,8,27,24767,35868,1,FEASIBLE,WORSE
884,2,8,28,24454,36190,1,FEASIBLE,WORSE
885,2,8,29,24168,35837,1,FEASIBLE,WORSE
886,2,8,30,25610,37027,1,FEASIBLE,WORSE
887,2,8,31,24422,35879,1,FEASIBLE,WORSE
888,2,8,32,24500,35627,1,FEASIBLE,WORSE
889,2,8,33,24533,35947,1,FEASIBLE,WORSE
890,2,8,34,25120,36672,1,FEASIBLE,WORSE
891,2,8,35,25092,36594,1,FEASIBLE,WORSE
892,2,8,36,24447,35582,1,FEASIBLE,WORSE
893,2,8,37,24785,36040,1,FEASIBLE,WORSE
894,2,8,38,25620,36723,1,FEASIBLE,WORSE
895,2,8,39,24185,35582,1,FEASIBLE,WORSE
896,2,8,40,24282,35950,1,FEASIBLE,WORSE
897,2,8,41,24871,35800,1,FEASIBLE,WORSE
898,2,8,42,24529,35648,1,FEASIBLE,WORSE
899,2,8,43,24461,36243,1,FEASIBLE,WORSE
900,2,8,44,24800,36172,1,FEASIBLE,WORSE
901,2,8,45,23926,35650,1,FEASIBLE,WORSE
902,2,8,46,25650,36664,1,FEASIBLE,WORSE
903,2,8,47,24391,35764,1,FEASIBLE,WORSE
904,2,8,48,25600,36627,1,FEASIBLE,WORSE
905,2,8,49,24693,35838,1,FEASIBLE,WORSE
906,2,8,50,24664,35826,1,FEASIBLE,WORSE
907,2,8,51,24368,35579,1,FEASIBLE,WORSE
908,2,8,52,24150,35685,1,FEASIBLE,WORSE
909,2,8,53,24246,36025,1,FEASIBLE,WORSE
910,2,8,54,24887,36331,1,FEASIBLE,WORSE
911,2,8,55,25508,36680,1,FEASIBLE,WORSE
912,2,8,56,25803,37058,0,CAPACITY_EXCEEDED,INVALID
913,2,8,57,25638,37039,1,FEASIBLE,WORSE
914,2,8,58,25822,36601,0,CAPACITY_EXCEEDED,INVALID
915,2,8,59,23912,35625,1,FEASIBLE,WORSE
916,2,8,60,24670,36021,1,FEASIBLE,WORSE
917,2,8,61,24597,35827,1,FEASIBLE,WORSE
918,2,8,62,25442,36749,1,FEASIBLE,WORSE
919,2,8,63,25871,36773,0,CAPACITY_EXCEEDED,INVALID
920,2,8,64,25264,36541,1,FEASIBLE,WORSE
921,2,8,65,25836,36873,0,CAPACITY_EXCEEDED,INVALID
922,2,8,66,25745,36796,1,FEASIBLE,WORSE
923,2,8,67,24377,36105,1,FEASIBLE,WORSE
924,2,8,68,25520,36906,1,FEASIBLE,WORSE
925,2,8,69,23936,35694,1,FEASIBLE,WORSE
926,2,8,70,24110,35637,1,FEASIBLE,WORSE
927,2,8,71,25190,36705,1,FEASIBLE,WORSE
928,2,8,72,25740,36926,1,FEASIBLE,WORSE
929,2,8,73,24698,36362,1,FEASIBLE,WORSE
930,2,8,74,24524,35865,1,FEASIBLE,WORSE
931,2,8,75,23935,35554,1,FEASIBLE,WORSE
932,2,8,76,25742,36731,1,FEASIBLE,WORSE
933,2,8,77,24582,35762,1,FEASIBLE,WORSE
934,2,8,78,24603,36228,1,FEASIBLE,WORSE
935,2,8,79,25508,36543,1,FEASIBLE,WORSE
936,2,8,80,24051,35764,1,FEASIBLE,WORSE
937,2,8,81,25579,36871,1,FEASIBLE,WORSE
938,2,8,82,25831,36700,0,CAPACITY_EXCEEDED,INVALID
939,2,8,83,25623,36965,1,FEASIBLE,WORSE
940,2,8,84,25715,36761,1,FEASIBLE,WORSE
941,2,8,85,24289,36118,1,FEASIBLE,WORSE
942,2,8,86,24531,36082,1,FEASIBLE,WORSE
943,2,8,87,24466,36111,1,FEASIBLE,WORSE
944,2,8,88,24404,35940,1,FEASIBLE,WORSE
945,2,8,89,25423,36818,1,FEASIBLE,WORSE
946,2,8,90,25733,36625,1,FEASIBLE,WORSE
947,2,8,91,25163,36615,1,FEASIBLE,WORSE
948,2,8,92,24825,36422,1,FEASIBLE,WORSE
949,2,8,93,24160,36008,1,FEASIBLE,WORSE
950,2,8,94,24623,36168,1,FEASIBLE,WORSE
951,2,8,95,24474,35721,1,FEASIBLE,WORSE
952,2,8,96,24776,36024,1,FEASIBLE,WORSE
953,2,8,97,24064,35820,1,FEASIBLE,WORSE
954,2,8,98,24620,35548,1,FEASIBLE,WORSE
955,2,8,99,25186,36592,1,FEASIBLE,WORSE
956,2,9,10,26395,37165,0,CAPACITY_EXCEEDED,INVALID
957,2,9,11,25485,36216,1,FEASIBLE,WORSE
958,2,9,12,26485,36904,0,CAPACITY_EXCEEDED,INVALID
959,2,9,13,24759,35880,1,FEASIBLE,WORSE
960,2,9,14,26510,36801,0,CAPACITY_EXCEEDED,INVALID
961,2,9,15,26100,36946,0,CAPACITY_EXCEEDED,INVALID
962,2,9,16,25697,36731,1,FEASIBLE,WORSE
963,2,9,17,26489,36978,0,CAPACITY_EXCEEDED,INVALID
964,2,9,18,25077,36303,1,FEASIBLE,WORSE
965,2,9,19,25435,35808,1,FEASIBLE,WORSE
966,2,9,20,26125,37091,0,CAPACITY_EXCEEDED,INVALID
967,2,9,21,26017,36825,0,CAPACITY_EXCEEDED,INVALID
968,2,9,22,25993,36970,0,CAPACITY_EXCEEDED,INVALID
969,2,9,23,25364,35719,1,FEASIBLE,WORSE
970,2,9,24,25642,36775,1,FEASIBLE,WORSE
971,2,9,25,24938,36090,1,FEASIBLE,WORSE
972,2,9,26,25066,36333,1,FEASIBLE,WORSE
973,2,9,27,25392,36050,1,FEASIBLE,WORSE
974,2,9,28,25079,36372,1,FEASIBLE,WORSE
975,2,9,29,24793,36019,1,FEASIBLE,WORSE
976,2,9,30,26235,37209,0,CAPACITY_EXCEEDED,INVALID
977,2,9,31,25047,36061,1,FEASIBLE,WORSE
978,2,9,32,25125,35809,1,FEASIBLE,WORSE
979,2,9,33,25158,36129,1,FEASIBLE,WORSE
980,2,9,34,25745,36854,1,FEASIBLE,WORSE
981,2,9,35,25717,36776,1,FEASIBLE,WORSE
982,2,9,36,25072,35764,1,FEASIBLE,WORSE
983,2,9,37,25410,36222,1,FEASIBLE,WORSE
984,2,9,38,26245,36905,0,CAPACITY_EXCEEDED,INVALID
985,2,9,39,24810,35764,1,FEASIBLE,WORSE
986,2,9,40,24907,36132,1,FEASIBLE,WORSE
987,2,9,41,25496,35982,1,FEASIBLE,WORSE
988,2,9,42,25154,35830,1,FEASIBLE,WORSE
989,2,9,43,25086,36425,1,FEASIBLE,WORSE
990,2,9,44,25425,36354,1,FEASIBLE,WORSE
991,2,9,45,24551,35832,1,FEASIBLE,WORSE
992,2,9,46,26275,36846,0,CAPACITY_EXCEEDED,INVALID
993,2,9,47,25016,35946,1,FEASIBLE,WORSE
994,2,9,48,26225,36809,0,CAPACITY_EXCEEDED,INVALID
995,2,9,49,25318,36020,1,FEASIBLE,WORSE
996,2,9,50,25289,36008,1,FEASIBLE,WORSE
997,2,9,51,24993,35761,1,FEASIBLE,WORSE
998,2,9,52,24775,35867,1,FEASIBLE,WORSE
999,2,9,53,24871,36207,1,FEASIBLE,WORSE
1000,2,9,54,25512,36513,1,FEASIBLE,WORSE
1001,2,9,55,26133,36862,0,CAPACITY_EXCEEDED,INVALID
1002,2,9,56,26428,37240,0,CAPACITY_EXCEEDED,INVALID
1003,2,9,57,26263,37221,0,CAPACITY_EXCEEDED,INVALID
1004,2,9,58,26447,36783,0,CAPACITY_EXCEEDED,INVALID
1005,2,9,59,24537,35807,1,FEASIBLE,WORSE
1006,2,9,60,25295,36203,1,FEASIBLE,WORSE
1007,2,9,61,25222,36009,1,FEASIBLE,WORSE
1008,2,9,62,26067,36931,0,CAPACITY_EXCEEDED,INVALID
1009,2,9,63,26496,36955,0,CAPACITY_EXCEEDED,INVALID
1010,2,9,64,25889,36723,0,CAPACITY_EXCEEDED,INVALID
1011,2,9,65,26461,37055,0,CAPACITY_EXCEEDED,INVALID
1012,2,9,66,26370,36978,0,CAPACITY_EXCEEDED,INVALID
1013,2,9,67,25002,36287,1,FEASIBLE,WORSE
1014,2,9,68,26145,37088,0,CAPACITY_EXCEEDED,INVALID
1015,2,9,69,24561,35876,1,FEASIBLE,WORSE
1016,2,9,70,24735,35819,1,FEASIBLE,WORSE
1017,2,9,71,25815,36887,0,CAPACITY_EXCEEDED,INVALID
1018,2,9,72,26365,37108,0,CAPACITY_EXCEEDED,INVALID
1019,2,9,73,25323,36544,1,FEASIBLE,WORSE
1020,2,9,74,25149,36047,1,FEASIBLE,WORSE
1021,2,9,75,24560,35736,1,FEASIBLE,WORSE
1022,2,9,76,26367,36913,0,CAPACITY_EXCEEDED,INVALID
1023,2,9,77,25207,35944,1,FEASIBLE,WORSE
1024,2,9,78,25228,36410,1,FEASIBLE,WORSE
1025,2,9,79,26133,36725,0,CAPACITY_EXCEEDED,INVALID
1026,2,9,80,24676,35946,1,FEASIBLE,WORSE
1027,2,9,81,26204,37053,0,CAPACITY_EXCEEDED,INVALID
1028,2,9,82,26456,36882,0,CAPACITY_EXCEEDED,INVALID
1029,2,9,83,26248,37147,0,CAPACITY_EXCEEDED,INVALID
1030,2,9,84,26340,36943,0,CAPACITY_EXCEEDED,INVALID
1031,2,9,85,24914,36300,1,FEASIBLE,WORSE
1032,2,9,86,25156,36264,1,FEASIBLE,WORSE
1033,2,9,87,25091,36293,1,FEASIBLE,WORSE
1034,2,9,88,25029,36122,1,FEASIBLE,WORSE
1035,2,9,89,26048,37000,0,CAPACITY_EXCEEDED,INVALID
1036,2,9,90,26358,36807,0,CAPACITY_EXCEEDED,INVALID
1037,2,9,91,25788,36797,0,CAPACITY_EXCEEDED,INVALID
1038,2,9,92,25450,36604,1,FEASIBLE,WORSE
1039,2,9,93,24785,36190,1,FEASIBLE,WORSE
1040,2,9,94,25248,36350,1,FEASIBLE,WORSE
1041,2,9,95,25099,35903,1,FEASIBLE,WORSE
1042,2,9,96,25401,36206,1,FEASIBLE,WORSE
1043,2,9,97,24689,36002,1,FEASIBLE,WORSE
1044,2,9,98,25245,35730,1,FEASIBLE,WORSE
1045,2,9,99,25811,36774,0,CAPACITY_EXCEEDED,INVALID
1046,2,10,11,26572,37130,0,CAPACITY_EXCEEDED,INVALID
1047,2,10,12,27572,37818,0,CAPACITY_EXCEEDED,INVALID
1048,2,10,13,25846,36794,0,CAPACITY_EXCEEDED,INVALID
1049,2,10,14,27597,37715,0,CAPACITY_EXCEEDED,INVALID
1050,2,10,15,27187,37860,0,CAPACITY_EXCEEDED,INVALID
1051,2,10,16,26784,37645,0,CAPACITY_EXCEEDED,INVALID
1052,2,10,17,27576,37892,0,CAPACITY_EXCEEDED,INVALID
1053,2,10,18,26164,37217,0,CAPACITY_EXCEEDED,INVALID
1054,2,10,19,26522,36722,0,CAPACITY_EXCEEDED,INVALID
1055,2,10,20,27212,38005,0,CAPACITY_EXCEEDED,INVALID
1056,2,10,21,27104,37739,0,CAPACITY_EXCEEDED,INVALID
1057,2,10,22,27080,37884,0,CAPACITY_EXCEEDED,INVALID
1058,2,10,23,26451,36633,0,CAPACITY_EXCEEDED,INVALID
1059,2,10,24,26729,37689,0,CAPACITY_EXCEEDED,INVALID
1060,2,10,25,26025,37004,0,CAPACITY_EXCEEDED,INVALID
1061,2,10,26,26153,37247,0,CAPACITY_EXCEEDED,INVALID
1062,2,10,27,26479,36964,0,CAPACITY_EXCEEDED,INVALID
1063,2,10,28,26166,37286,0,CAPACITY_EXCEEDED,INVALID
1064,2,10,29,25880,36933,0,CAPACITY_EXCEEDED,INVALID
1065,2,10,30,27322,38123,0,CAPACITY_EXCEEDED,INVALID
1066,2,10,31,26134,36975,0,CAPACITY_EXCEEDED,INVALID
1067,2,10,32,26212,36723,0,CAPACITY_EXCEEDED,INVALID
1068,2,10,33,26245,37043,0,CAPACITY_EXCEEDED,INVALID
1069,2,10,34,26832,37768,0,CAPACITY_EXCEEDED,INVALID
1070,2,10,35,26804,37690,0,CAPACITY_EXCEEDED,INVALID
1071,2,10,36,26159,36678,0,CAPACITY_EXCEEDED,INVALID
1072,2,10,37,26497,37136,0,CAPACITY_EXCEEDED,INVALID
1073,2,10,38,27332,37819,0,CAPACITY_EXCEEDED,INVALID
1074,2,10,39,25897,36678,0,CAPACITY_EXCEEDED,INVALID
1075,2,10,40,25994,37046,0,CAPACITY_EXCEEDED,INVALID
1076,2,10,41,26583,36896,0,CAPACITY_EXCEEDED,INVALID
1077,2,10,42,26241,36744,0,CAPACITY_EXCEEDED,INVALID
1078,2,10,43,26173,37339,0,CAPACITY_EXCEEDED,INVALID
1079,2,10,44,26512,37268,0,CAPACITY_EXCEEDED,INVALID
1080,2,10,45,25638,36746,1,FEASIBLE,WORSE
1081,2,10,46,27362,37760,0,CAPACITY_EXCEEDED,INVALID
1082,2,10,47,26103,36860,0,CAPACITY_EXCEEDED,INVALID
1083,2,10,48,27312,37723,0,CAPACITY_EXCEEDED,INVALID
1084,2,10,49,26405,36934,0,CAPACITY_EXCEEDED,INVALID
1085,2,10,50,26376,36922,0,CAPACITY_EXCEEDED,INVALID
1086,2,10,51,26080,36675,0,CAPACITY_EXCEEDED,INVALID
1087,2,10,52,25862,36781,0,CAPACITY_EXCEEDED,INVALID
1088,2,10,53,25958,37121,0,CAPACITY_EXCEEDED,INVALID
1089,2,10,54,26599,37427,0,CAPACITY_EXCEEDED,INVALID
1090,2,10,55,27220,37776,0,CAPACITY_EXCEEDED,INVALID
1091,2,10,56,27515,38154,0,CAPACITY_EXCEEDED,INVALID
1092,2,10,57,27350,38135,0,CAPACITY_EXCEEDED,INVALID
1093,2,10,58,27534,37697,0,CAPACITY_EXCEEDED,INVALID
1094,2,10,59,25624,36721,1,FEASIBLE,WORSE
1095,2,10,60,26382,37117,0,CAPACITY_EXCEEDED,INVALID
1096,2,10,61,26309,36923,0,CAPACITY_EXCEEDED,INVALID
1097,2,10,62,27154,37845,0,CAPACITY_EXCEEDED,INVALID
1098,2,10,63,27583,37869,0,CAPACITY_EXCEEDED,INVALID
1099,2,10,64,26976,37637,0,CAPACITY_EXCEEDED,INVALID
1100,2,10,65,27548,37969,0,CAPACITY_EXCEEDED,INVALID
1101,2,10,66,27457,37892,0,CAPACITY_EXCEEDED,INVALID
1102,2,10,67,26089,37201,0,CAPACITY_EXCEEDED,INVALID
1103,2,10,68,27232,38002,0,CAPACITY_EXCEEDED,INVALID
1104,2,10,69,25648,36790,1,FEASIBLE,WORSE
1105,2,10,70,25822,36733,0,CAPACITY_EXCEEDED,INVALID
1106,2,10,71,26902,37801,0,CAPACITY_EXCEEDED,INVALID
1107,2,10,72,27452,38022,0,CAPACITY_EXCEEDED,INVALID
1108,2,10,73,26410,37458,0,CAPACITY_EXCEEDED,INVALID
1109,2,10,74,26236,36961,0,CAPACITY_EXCEEDED,INVALID
1110,2,10,75,25647,36650,1,FEASIBLE,WORSE
1111,2,10,76,27454,37827,0,CAPACITY_EXCEEDED,INVALID
1112,2,10,77,26294,36858,0,CAPACITY_EXCEEDED,INVALID
1113,2,10,78,26315,37324,0,CAPACITY_EXCEEDED,INVALID
1114,2,10,79,27220,37639,0,CAPACITY_EXCEEDED,INVALID
1115,2,10,80,25763,36860,0,CAPACITY_EXCEEDED,INVALID
1116,2,10,81,27291,37967,0,CAPACITY_EXCEEDED,INVALID
1117,2,10,82,27543,37796,0,CAPACITY_EXCEEDED,INVALID
1118,2,10,83,27335,38061,0,CAPACITY_EXCEEDED,INVALID
1119,2,10,84,27427,37857,0,CAPACITY_EXCEEDED,INVALID
1120,2,10,85,26001,37214,0,CAPACITY_EXCEEDED,INVALID
1121,2,10,86,26243,37178,0,CAPACITY_EXCEEDED,INVALID
1122,2,10,87,26178,37207,0,CAPACITY_EXCEEDED,INVALID
1123,2,10,88,26116,37036,0,CAPACITY_EXCEEDED,INVALID
1124,2,10,89,27135,37914,0,CAPACITY_EXCEEDED,INVALID
1125,2,10,90,27445,37721,0,CAPACITY_EXCEEDED,INVALID
1126,2,10,91,26875,37711,0,CAPACITY_EXCEEDED,INVALID
1127,2,10,92,26537,37518,0,CAPACITY_EXCEEDED,INVALID
1128,2,10,93,25872,37104,0,CAPACITY_EXCEEDED,INVALID
1129,2,10,94,26335,37264,0,CAPACITY_EXCEEDED,INVALID
1130,2,10,95,26186,36817,0,CAPACITY_EXCEEDED,INVALID
1131,2,10,96,26488,37120,0,CAPACITY_EXCEEDED,INVALID
1132,2,10,97,25776,36916,0,CAPACITY_EXCEEDED,INVALID
1133,2,10,98,26332,36644,0,CAPACITY_EXCEEDED,INVALID
1134,2,10,99,26898,37688,0,CAPACITY_EXCEEDED,INVALID
1135,2,11,12,26662,36869,0,CAPACITY_EXCEEDED,INVALID
1136,2,11,13,24936,35845,1,FEASIBLE,WORSE
1137,2,11,14,26687,36766,0,CAPACITY_EXCEEDED,INVALID
1138,2,11,15,26277,36911,0,CAPACITY_EXCEEDED,INVALID
1139,2,11,16,25874,36696,0,CAPACITY_EXCEEDED,INVALID
1140,2,11,17,26666,36943,0,CAPACITY_EXCEEDED,INVALID
1141,2,11,18,25254,36268,1,FEASIBLE,WORSE
1142,2,11,19,25612,35773,1,FEASIBLE,WORSE
1143,2,11,20,26302,37056,0,CAPACITY_EXCEEDED,INVALID
1144,2,11,21,26194,36790,0,CAPACITY_EXCEEDED,INVALID
1145,2,11,22,26170,36935,0,CAPACITY_EXCEEDED,INVALID
1146,2,11,23,25541,35684,1,FEASIBLE,WORSE
1147,2,11,24,25819,36740,0,CAPACITY_EXCEEDED,INVALID
1148,2,11,25,25115,36055,1,FEASIBLE,WORSE
1149,2,11,26,25243,36298,1,FEASIBLE,WORSE
1150,2,11,27,25569,36015,1,FEASIBLE,WORSE
1151,2,11,28,25256,36337,1,FEASIBLE,WORSE
1152,2,11,29,24970,35984,1,FEASIBLE,WORSE
1153,2,11,30,26412,37174,0,CAPACITY_EXCEEDED,INVALID
1154,2,11,31,25224,36026,1,FEASIBLE,WORSE
1155,2,11,32,25302,35774,1,FEASIBLE,WORSE
1156,2,11,33,25335,36094,1,FEASIBLE,WORSE
1157,2,11,34,25922,36819,0,CAPACITY_EXCEEDED,INVALID
1158,2,11,35,25894,36741,0,CAPACITY_EXCEEDED,INVALID
1159,2,11,36,25249,35729,1,FEASIBLE,WORSE
1160,2,11,37,25587,36187,1,FEASIBLE,WORSE
1161,2,11,38,26422,36870,0,CAPACITY_EXCEEDED,INVALID
1162,2,11,39,24987,35729,1,FEASIBLE,WORSE
1163,2,11,40,25084,36097,1,FEASIBLE,WORSE
1164,2,11,41,25673,35947,1,FEASIBLE,WORSE
1165,2,11,42,25331,35795,1,FEASIBLE,WORSE
1166,2,11,43,25263,36390,1,FEASIBLE,WORSE
1167,2,11,44,25602,36319,1,FEASIBLE,WORSE
1168,2,11,45,24728,35797,1,FEASIBLE,WORSE
1169,2,11,46,26452,36811,0,CAPACITY_EXCEEDED,INVALID
1170,2,11,47,25193,35911,1,FEASIBLE,WORSE
1171,2,11,48,26402,36774,0,CAPACITY_EXCEEDED,INVALID
1172,2,11,49,25495,35985,1,FEASIBLE,WORSE
1173,2,11,50,25466,35973,1,FEASIBLE,WORSE
1174,2,11,51,25170,35726,1,FEASIBLE,WORSE
1175,2,11,52,24952,35832,1,FEASIBLE,WORSE
1176,2,11,53,25048,36172,1,FEASIBLE,WORSE
1177,2,11,54,25689,36478,1,FEASIBLE,WORSE
1178,2,11,55,26310,36827,0,CAPACITY_EXCEEDED,INVALID
1179,2,11,56,26605,37205,0,CAPACITY_EXCEEDED,INVALID
1180,2,11,57,26440,37186,0,CAPACITY_EXCEEDED,INVALID
1181,2,11,58,26624,36748,0,CAPACITY_EXCEEDED,INVALID
1182,2,11,59,24714,35772,1,FEASIBLE,WORSE
1183,2,11,60,25472,36168,1,FEASIBLE,WORSE
1184,2,11,61,25399,35974,1,FEASIBLE,WORSE
1185,2,11,62,26244,36896,0,CAPACITY_EXCEEDED,INVALID
1186,2,11,63,26673,36920,0,CAPACITY_EXCEEDED,INVALID
1187,2,11,64,26066,36688,0,CAPACITY_EXCEEDED,INVALID
1188,2,11,65,26638,37020,0,CAPACITY_EXCEEDED,INVALID
1189,2,11,66,26547,36943,0,CAPACITY_EXCEEDED,INVALID
1190,2,11,67,25179,36252,1,FEASIBLE,WORSE
1191,2,11,68,26322,37053,0,CAPACITY_EXCEEDED,INVALID
1192,2,11,69,24738,35841,1,FEASIBLE,WORSE
1193,2,11,70,24912,35784,1,FEASIBLE,WORSE
1194,2,11,71,25992,36852,0,CAPACITY_EXCEEDED,INVALID
1195,2,11,72,26542,37073,0,CAPACITY_EXCEEDED,INVALID
1196,2,11,73,25500,36509,1,FEASIBLE,WORSE
1197,2,11,74,25326,36012,1,FEASIBLE,WORSE
1198,2,11,75,24737,35701,1,FEASIBLE,WORSE
1199,2,11,76,26544,36878,0,CAPACITY_EXCEEDED,INVALID
1200,2,11,77,25384,35909,1,FEASIBLE,WORSE
1201,2,11,78,25405,36375,1,FEASIBLE,WORSE
1202,2,11,79,26310,36690,0,CAPACITY_EXCEEDED,INVALID
1203,2,11,80,24853,35911,1,FEASIBLE,WORSE
1204,2,11,81,26381,37018,0,CAPACITY_EXCEEDED,INVALID
1205,2,11,82,26633,36847,0,CAPACITY_EXCEEDED,INVALID
1206,2,11,83,26425,37112,0,CAPACITY_EXCEEDED,INVALID
1207,2,11,84,26517,36908,0,CAPACITY_EXCEEDED,INVALID
1208,2,11,85,25091,36265,1,FEASIBLE,WORSE
1209,2,11,86,25333,36229,1,FEASIBLE,WORSE
1210,2,11,87,25268,36258,1,FEASIBLE,WORSE
1211,2,11,88,25206,36087,1,FEASIBLE,WORSE
1212,2,11,89,26225,36965,0,CAPACITY_EXCEEDED,INVALID
1213,2,11,90,26535,36772,0,CAPACITY_EXCEEDED,INVALID
1214,2,11,91,25965,36762,0,CAPACITY_EXCEEDED,INVALID
1215,2,11,92,25627,36569,1,FEASIBLE,WORSE
1216,2,11,93,24962,36155,1,FEASIBLE,WORSE
1217,2,11,94,25425,36315,1,FEASIBLE,WORSE
1218,2,11,95,25276,35868,1,FEASIBLE,WORSE
1219,2,11,96,25578,36171,1,FEASIBLE,WORSE
1220,2,11,97,24866,35967,1,FEASIBLE,WORSE
1221,2,11,98,25422,35695,1,FEASIBLE,WORSE
1222,2,11,99,25988,36739,0,CAPACITY_EXCEEDED,INVALID
1223,2,12,13,25936,36533,0,CAPACITY_EXCEEDED,INVALID
1224,2,12,14,27687,37454,0,CAPACITY_EXCEEDED,INVALID
1225,2,12,15,27277,37599,0,CAPACITY_EXCEEDED,INVALID
1226,2,12,16,26874,37384,0,CAPACITY_EXCEEDED,INVALID
1227,2,12,17,27666,37631,0,CAPACITY_EXCEEDED,INVALID
1228,2,12,18,26254,36956,0,CAPACITY_EXCEEDED,INVALID
1229,2,12,19,26612,36461,0,CAPACITY_EXCEEDED,INVALID
1230,2,12,20,27302,37744,0,CAPACITY_EXCEEDED,INVALID
1231,2,12,21,27194,37478,0,CAPACITY_EXCEEDED,INVALID
1232,2,12,22,27170,37623,0,CAPACITY_EXCEEDED,INVALID
1233,2,12,23,26541,36372,0,CAPACITY_EXCEEDED,INVALID
1234,2,12,24,26819,37428,0,CAPACITY_EXCEEDED,INVALID
1235,2,12,25,26115,36743,0,CAPACITY_EXCEEDED,INVALID
1236,2,12,26,26243,36986,0,CAPACITY_EXCEEDED,INVALID
1237,2,12,27,26569,36703,0,CAPACITY_EXCEEDED,INVALID
1238,2,12,28,26256,37025,0,CAPACITY_EXCEEDED,INVALID
1239,2,12,29,25970,36672,0,CAPACITY_EXCEEDED,INVALID
1240,2,12,30,27412,37862,0,CAPACITY_EXCEEDED,INVALID
1241,2,12,31,26224,36714,0,CAPACITY_EXCEEDED,INVALID
1242,2,12,32,26302,36462,0,CAPACITY_EXCEEDED,INVALID
1243,2,12,33,26335,36782,0,CAPACITY_EXCEEDED,INVALID
1244,2,12,34,26922,37507,0,CAPACITY_EXCEEDED,INVALID
1245,2,12,35,26894,37429,0,CAPACITY_EXCEEDED,INVALID
1246,2,12,36,26249,36417,0,CAPACITY_EXCEEDED,INVALID
1247,2,12,37,26587,36875,0,CAPACITY_EXCEEDED,INVALID
1248,2,12,38,27422,37558,0,CAPACITY_EXCEEDED,INVALID
1249,2,12,39,25987,36417,0,CAPACITY_EXCEEDED,INVALID
1250,2,12,40,26084,36785,0,CAPACITY_EXCEEDED,INVALID
1251,2,12,41,26673,36635,0,CAPACITY_EXCEEDED,INVALID
1252,2,12,42,26331,36483,0,CAPACITY_EXCEEDED,INVALID
1253,2,12,43,26263,37078,0,CAPACITY_EXCEEDED,INVALID
1254,2,12,44,26602,37007,0,CAPACITY_EXCEEDED,INVALID
1255,2,12,45,25728,36485,1,FEASIBLE,WORSE
1256,2,12,46,27452,37499,0,CAPACITY_EXCEEDED,INVALID
1257,2,12,47,26193,36599,0,CAPACITY_EXCEEDED,INVALID
1258,2,12,48,27402,37462,0,CAPACITY_EXCEEDED,INVALID
1259,2,12,49,26495,36673,0,CAPACITY_EXCEEDED,INVALID
1260,2,12,50,26466,36661,0,CAPACITY_EXCEEDED,INVALID
1261,2,12,51,26170,36414,0,CAPACITY_EXCEEDED,INVALID
1262,2,12,52,25952,36520,0,CAPACITY_EXCEEDED,INVALID
1263,2,12,53,26048,36860,0,CAPACITY_EXCEEDED,INVALID
1264,2,12,54,26689,37166,0,CAPACITY_EXCEEDED,INVALID
1265,2,12,55,27310,37515,0,CAPACITY_EXCEEDED,INVALID
1266,2,12,56,27605,37893,0,CAPACITY_EXCEEDED,INVALID
1267,2,12,57,27440,37874,0,CAPACITY_EXCEEDED,INVALID
1268,2,12,58,27624,37436,0,CAPACITY_EXCEEDED,INVALID
1269,2,12,59,25714,36460,1,FEASIBLE,WORSE
1270,2,12,60,26472,36856,0,CAPACITY_EXCEEDED,INVALID
1271,2,12,61,26399,36662,0,CAPACITY_EXCEEDED,INVALID
1272,2,12,62,27244,37584,0,CAPACITY_EXCEEDED,INVALID
1273,2,12,63,27673,37608,0,CAPACITY_EXCEEDED,INVALID
1274,2,12,64,27066,37376,0,CAPACITY_EXCEEDED,INVALID
1275,2,12,65,27638,37708,0,CAPACITY_EXCEEDED,INVALID
1276,2,12,66,27547,37631,0,CAPACITY_EXCEEDED,INVALID
1277,2,12,67,26179,36940,0,CAPACITY_EXCEEDED,INVALID
1278,2,12,68,27322,37741,0,CAPACITY_EXCEEDED,INVALID
1279,2,12,69,25738,36529,1,FEASIBLE,WORSE
1280,2,12,70,25912,36472,0,CAPACITY_EXCEEDED,INVALID
1281,2,12,71,26992,37540,0,CAPACITY_EXCEEDED,INVALID
1282,2,12,72,27542,37761,0,CAPACITY_EXCEEDED,INVALID
1283,2,12,73,26500,37197,0,CAPACITY_EXCEEDED,INVALID
1284,2,12,74,26326,36700,0,CAPACITY_EXCEEDED,INVALID
1285,2,12,75,25737,36389,1,FEASIBLE,WORSE
1286,2,12,76,27544,37566,0,CAPACITY_EXCEEDED,INVALID
1287,2,12,77,26384,36597,0,CAPACITY_EXCEEDED,INVALID
1288,2,12,78,26405,37063,0,CAPACITY_EXCEEDED,INVALID
1289,2,12,79,27310,37378,0,CAPACITY_EXCEEDED,INVALID
1290,2,12,80,25853,36599,0,CAPACITY_EXCEEDED,INVALID
1291,2,12,81,27381,37706,0,CAPACITY_EXCEEDED,INVALID
1292,2,12,82,27633,37535,0,CAPACITY_EXCEEDED,INVALID
1293,2,12,83,27425,37800,0,CAPACITY_EXCEEDED,INVALID
1294,2,12,84,27517,37596,0,CAPACITY_EXCEEDED,INVALID
1295,2,12,85,26091,36953,0,CAPACITY_EXCEEDED,INVALID
1296,2,12,86,26333,36917,0,CAPACITY_EXCEEDED,INVALID
1297,2,12,87,26268,36946,0,CAPACITY_EXCEEDED,INVALID
1298,2,12,88,26206,36775,0,CAPACITY_EXCEEDED,INVALID
1299,2,12,89,27225,37653,0,CAPACITY_EXCEEDED,INVALID
1300,2,12,90,27535,37460,0,CAPACITY_EXCEEDED,INVALID
1301,2,12,91,26965,37450,0,CAPACITY_EXCEEDED,INVALID
1302,2,12,92,26627,37257,0,CAPACITY_EXCEEDED,INVALID
1303,2,12,93,25962,36843,0,CAPACITY_EXCEEDED,INVALID
1304,2,12,94,26425,37003,0,CAPACITY_EXCEEDED,INVALID
1305,2,12,95,26276,36556,0,CAPACITY_EXCEEDED,INVALID
1306,2,12,96,26578,36859,0,CAPACITY_EXCEEDED,INVALID
1307,2,12,97,25866,36655,0,CAPACITY_EXCEEDED,INVALID
1308,2,12,98,26422,36383,0,CAPACITY_EXCEEDED,INVALID
1309,2,12,99,26988,37427,0,CAPACITY_EXCEEDED,INVALID
1310,2,13,14,25961,36430,0,CAPACITY_EXCEEDED,INVALID
1311,2,13,15,25551,36575,1,FEASIBLE,WORSE
1312,2,13,16,25148,36360,1,FEASIBLE,WORSE
1313,2,13,17,25940,36607,0,CAPACITY_EXCEEDED,INVALID
1314,2,13,18,24528,35932,1,FEASIBLE,WORSE
1315,2,13,19,24886,35437,1,FEASIBLE,WORSE
1316,2,13,20,25576,36720,1,FEASIBLE,WORSE
1317,2,13,21,25468,36454,1,FEASIBLE,WORSE
1318,2,13,22,25444,36599,1,FEASIBLE,WORSE
1319,2,13,23,24815,35348,1,FEASIBLE,WORSE
1320,2,13,24,25093,36404,1,FEASIBLE,WORSE
1321,2,13,25,24389,35719,1,FEASIBLE,WORSE
1322,2,13,26,24517,35962,1,FEASIBLE,WORSE
1323,2,13,27,24843,35679,1,FEASIBLE,WORSE
1324,2,13,28,24530,36001,1,FEASIBLE,WORSE
1325,2,13,29,24244,35648,1,FEASIBLE,WORSE
1326,2,13,30,25686,36838,1,FEASIBLE,WORSE
1327,2,13,31,24498,35690,1,FEASIBLE,WORSE
1328,2,13,32,24576,35438,1,FEASIBLE,WORSE
1329,2,13,33,24609,35758,1,FEASIBLE,WORSE
1330,2,13,34,25196,36483,1,FEASIBLE,WORSE
1331,2,13,35,25168,36405,1,FEASIBLE,WORSE
1332,2,13,36,24523,35393,1,FEASIBLE,WORSE
1333,2,13,37,24861,35851,1,FEASIBLE,WORSE
1334,2,13,38,25696,36534,1,FEASIBLE,WORSE
1335,2,13,39,24261,35393,1,FEASIBLE,WORSE
1336,2,13,40,24358,35761,1,FEASIBLE,WORSE
1337,2,13,41,24947,35611,1,FEASIBLE,WORSE
1338,2,13,42,24605,35459,1,FEASIBLE,WORSE
1339,2,13,43,24537,36054,1,FEASIBLE,WORSE
1340,2,13,44,24876,35983,1,FEASIBLE,WORSE
1341,2,13,45,24002,35461,1,FEASIBLE,WORSE
1342,2,13,46,25726,36475,1,FEASIBLE,WORSE
1343,2,13,47,24467,35575,1,FEASIBLE,WORSE
1344,2,13,48,25676,36438,1,FEASIBLE,WORSE
1345,2,13,49,24769,35649,1,FEASIBLE,WORSE
1346,2,13,50,24740,35637,1,FEASIBLE,WORSE
1347,2,13,51,24444,35390,1,FEASIBLE,WORSE
1348,2,13,52,24226,35496,1,FEASIBLE,WORSE
1349,2,13,53,24322,35836,1,FEASIBLE,WORSE
1350,2,13,54,24963,36142,1,FEASIBLE,WORSE
1351,2,13,55,25584,36491,1,FEASIBLE,WORSE
1352,2,13,56,25879,36869,0,CAPACITY_EXCEEDED,INVALID
1353,2,13,57,25714,36850,1,FEASIBLE,WORSE
1354,2,13,58,25898,36412,0,CAPACITY_EXCEEDED,INVALID
1355,2,13,59,23988,35436,1,FEASIBLE,WORSE
1356,2,13,60,24746,35832,1,FEASIBLE,WORSE
1357,2,13,61,24673,35638,1,FEASIBLE,WORSE
1358,2,13,62,25518,36560,1,FEASIBLE,WORSE
1359,2,13,63,25947,36584,0,CAPACITY_EXCEEDED,INVALID
1360,2,13,64,25340,36352,1,FEASIBLE,WORSE
1361,2,13,65,25912,36684,0,CAPACITY_EXCEEDED,INVALID
1362,2,13,66,25821,36607,0,CAPACITY_EXCEEDED,INVALID
1363,2,13,67,24453,35916,1,FEASIBLE,WORSE
1364,2,13,68,25596,36717,1,FEASIBLE,WORSE
1365,2,13,69,24012,35505,1,FEASIBLE,WORSE
1366,2,13,70,24186,35448,1,FEASIBLE,WORSE
1367,2,13,71,25266,36516,1,FEASIBLE,WORSE
1368,2,13,72,25816,36737,0,CAPACITY_EXCEEDED,INVALID
1369,2,13,73,24774,36173,1,FEASIBLE,WORSE
1370,2,13,74,24600,35676,1,FEASIBLE,WORSE
1371,2,13,75,24011,35365,1,FEASIBLE,WORSE
1372,2,13,76,25818,36542,0,CAPACITY_EXCEEDED,INVALID
1373,2,13,77,24658,35573,1,FEASIBLE,WORSE
1374,2,13,78,24679,36039,1,FEASIBLE,WORSE
1375,2,13,79,25584,36354,1,FEASIBLE,WORSE
1376,2,13,80,24127,35575,1,FEASIBLE,WORSE
1377,2,13,81,25655,36682,1,FEASIBLE,WORSE
1378,2,13,82,25907,36511,0,CAPACITY_EXCEEDED,INVALID
1379,2,13,83,25699,36776,1,FEASIBLE,WORSE
1380,2,13,84,25791,36572,0,CAPACITY_EXCEEDED,INVALID
1381,2,13,85,24365,35929,1,FEASIBLE,WORSE
1382,2,13,86,24607,35893,1,FEASIBLE,WORSE
1383,2,13,87,24542,35922,1,FEASIBLE,WORSE
1384,2,13,88,24480,35751,1,FEASIBLE,WORSE
1385,2,13,89,25499,36629,1,FEASIBLE,WORSE
1386,2,13,90,25809,36436,0,CAPACITY_EXCEEDED,INVALID
1387,2,13,91,25239,36426,1,FEASIBLE,WORSE
1388,2,13,92,24901,36233,1,FEASIBLE,WORSE
1389,2,13,93,24236,35819,1,FEASIBLE,WORSE
1390,2,13,94,24699,35979,1,FEASIBLE,WORSE
1391,2,13,95,24550,35532,1,FEASIBLE,WORSE
1392,2,13,96,24852,35835,1,FEASIBLE,WORSE
1393,2,13,97,24140,35631,1,FEASIBLE,WORSE
1394,2,13,98,24696,35359,1,FEASIBLE,WORSE
1395,2,13,99,25262,36403,1,FEASIBLE,WORSE
1396,2,14,15,27302,37496,0,CAPACITY_EXCEEDED,INVALID
1397,2,14,16,26899,37281,0,CAPACITY_EXCEEDED,INVALID
1398,2,14,17,27691,37528,0,CAPACITY_EXCEEDED,INVALID
1399,2,14,18,26279,36853,0,CAPACITY_EXCEEDED,INVALID
1400,2,14,19,26637,36358,0,CAPACITY_EXCEEDED,INVALID
1401,2,14,20,27327,37641,0,CAPACITY_EXCEEDED,INVALID
1402,2,14,21,27219,37375,0,CAPACITY_EXCEEDED,INVALID
1403,2,14,22,27195,37520,0,CAPACITY_EXCEEDED,INVALID
1404,2,14,23,26566,36269,0,CAPACITY_EXCEEDED,INVALID
1405,2,14,24,26844,37325,0,CAPACITY_EXCEEDED,INVALID
1406,2,14,25,26140,36640,0,CAPACITY_EXCEEDED,INVALID
1407,2,14,26,26268,36883,0,CAPACITY_EXCEEDED,INVALID
1408,2,14,27,26594,36600,0,CAPACITY_EXCEEDED,INVALID
1409,2,14,28,26281,36922,0,CAPACITY_EXCEEDED,INVALID
1410,2,14,29,25995,36569,0,CAPACITY_EXCEEDED,INVALID
1411,2,14,30,27437,37759,0,CAPACITY_EXCEEDED,INVALID
1412,2,14,31,26249,36611,0,CAPACITY_EXCEEDED,INVALID
1413,2,14,32,26327,36359,0,CAPACITY_EXCEEDED,INVALID
1414,2,14,33,26360,36679,0,CAPACITY_EXCEEDED,INVALID
1415,2,14,34,26947,37404,0,CAPACITY_EXCEEDED,INVALID
1416,2,14,35,26919,37326,0,CAPACITY_EXCEEDED,INVALID
1417,2,14,36,26274,36314,0,CAPACITY_EXCEEDED,INVALID
1418,2,14,37,26612,36772,0,CAPACITY_EXCEEDED,INVALID
1419,2,14,38,27447,37455,0,CAPACITY_EXCEEDED,INVALID
1420,2,14,39,26012,36314,0,CAPACITY_EXCEEDED,INVALID
1421,2,14,40,26109,36682,0,CAPACITY_EXCEEDED,INVALID
1422,2,14,41,26698,36532,0,CAPACITY_EXCEEDED,INVALID
1423,2,14,42,26356,36380,0,CAPACITY_EXCEEDED,INVALID
1424,2,14,43,26288,36975,0,CAPACITY_EXCEEDED,INVALID
1425,2,14,44,26627,36904,0,CAPACITY_EXCEEDED,INVALID
1426,2,14,45,25753,36382,0,CAPACITY_EXCEEDED,INVALID
1427,2,14,46,27477,37396,0,CAPACITY_EXCEEDED,INVALID
1428,2,14,47,26218,36496,0,CAPACITY_EXCEEDED,INVALID
1429,2,14,48,27427,37359,0,CAPACITY_EXCEEDED,INVALID
1430,2,14,49,26520,36570,0,CAPACITY_EXCEEDED,INVALID
1431,2,14,50,26491,36558,0,CAPACITY_EXCEEDED,INVALID
1432,2,14,51,26195,36311,0,CAPACITY_EXCEEDED,INVALID
1433,2,14,52,25977,36417,0,CAPACITY_EXCEEDED,INVALID
1434,2,14,53,26073,36757,0,CAPACITY_EXCEEDED,INVALID
1435,2,14,54,26714,37063,0,CAPACITY_EXCEEDED,INVALID
1436,2,14,55,27335,37412,0,CAPACITY_EXCEEDED,INVALID
1437,2,14,56,27630,37790,0,CAPACITY_EXCEEDED,INVALID
1438,2,14,57,27465,37771,0,CAPACITY_EXCEEDED,INVALID
1439,2,14,58,27649,37333,0,CAPACITY_EXCEEDED,INVALID
1440,2,14,59,25739,36357,1,FEASIBLE,WORSE
1441,2,14,60,26497,36753,0,CAPACITY_EXCEEDED,INVALID
1442,2,14,61,26424,36559,0,CAPACITY_EXCEEDED,INVALID
1443,2,14,62,27269,37481,0,CAPACITY_EXCEEDED,INVALID
1444,2,14,63,27698,37505,0,CAPACITY_EXCEEDED,INVALID
1445,2,14,64,27091,37273,0,CAPACITY_EXCEEDED,INVALID
1446,2,14,65,27663,37605,0,CAPACITY_EXCEEDED,INVALID
1447,2,14,66,27572,37528,0,CAPACITY_EXCEEDED,INVALID
1448,2,14,67,26204,36837,0,CAPACITY_EXCEEDED,INVALID
1449,2,14,68,27347,37638,0,CAPACITY_EXCEEDED,INVALID
1450,2,14,69,25763,36426,0,CAPACITY_EXCEEDED,INVALID
1451,2,14,70,25937,36369,0,CAPACITY_EXCEEDED,INVALID
1452,2,14,71,27017,37437,0,CAPACITY_EXCEEDED,INVALID
1453,2,14,72,27567,37658,0,CAPACITY_EXCEEDED,INVALID
1454,2,14,73,26525,37094,0,CAPACITY_EXCEEDED,INVALID
1455,2,14,74,26351,36597,0,CAPACITY_EXCEEDED,INVALID
1456,2,14,75,25762,36286,0,CAPACITY_EXCEEDED,INVALID
1457,2,14,76,27569,37463,0,CAPACITY_EXCEEDED,INVALID
1458,2,14,77,26409,36494,0,CAPACITY_EXCEEDED,INVALID
1459,2,14,78,26430,36960,0,CAPACITY_EXCEEDED,INVALID
1460,2,14,79,27335,37275,0,CAPACITY_EXCEEDED,INVALID
1461,2,14,80,25878,36496,0,CAPACITY_EXCEEDED,INVALID
1462,2,14,81,27406,37603,0,CAPACITY_EXCEEDED,INVALID
1463,2,14,82,27658,37432,0,CAPACITY_EXCEEDED,INVALID
1464,2,14,83,27450,37697,0,CAPACITY_EXCEEDED,INVALID
1465,2,14,84,27542,37493,0,CAPACITY_EXCEEDED,INVALID
1466,2,14,85,26116,36850,0,CAPACITY_EXCEEDED,INVALID
1467,2,14,86,26358,36814,0,CAPACITY_EXCEEDED,INVALID
1468,2,14,87,26293,36843,0,CAPACITY_EXCEEDED,INVALID
1469,2,14,88,26231,36672,0,CAPACITY_EXCEEDED,INVALID
1470,2,14,89,27250,37550,0,CAPACITY_EXCEEDED,INVALID
1471,2,14,90,27560,37357,0,CAPACITY_EXCEEDED,INVALID
1472,2,14,91,26990,37347,0,CAPACITY_EXCEEDED,INVALID
1473,2,14,92,26652,37154,0,CAPACITY_EXCEEDED,INVALID
1474,2,14,93,25987,36740,0,CAPACITY_EXCEEDED,INVALID
1475,2,14,94,26450,36900,0,CAPACITY_EXCEEDED,INVALID
1476,2,14,95,26301,36453,0,CAPACITY_EXCEEDED,INVALID
1477,2,14,96,26603,36756,0,CAPACITY_EXCEEDED,INVALID
1478,2,14,97,25891,36552,0,CAPACITY_EXCEEDED,INVALID
1479,2,14,98,26447,36280,0,CAPACITY_EXCEEDED,INVALID
1480,2,14,99,27013,37324,0,CAPACITY_EXCEEDED,INVALID
1481,2,15,16,26489,37426,0,CAPACITY_EXCEEDED,INVALID
1482,2,15,17,27281,37673,0,CAPACITY_EXCEEDED,INVALID
1483,2,15,18,25869,36998,0,CAPACITY_EXCEEDED,INVALID
1484,2,15,19,26227,36503,0,CAPACITY_EXCEEDED,INVALID
1485,2,15,20,26917,37786,0,CAPACITY_EXCEEDED,INVALID
1486,2,15,21,26809,37520,0,CAPACITY_EXCEEDED,INVALID
1487,2,15,22,26785,37665,0,CAPACITY_EXCEEDED,INVALID
1488,2,15,23,26156,36414,0,CAPACITY_EXCEEDED,INVALID
1489,2,15,24,26434,37470,0,CAPACITY_EXCEEDED,INVALID
1490,2,15,25,25730,36785,1,FEASIBLE,WORSE
1491,2,15,26,25858,37028,0,CAPACITY_EXCEEDED,INVALID
1492,2,15,27,26184,36745,0,CAPACITY_EXCEEDED,INVALID
1493,2,15,28,25871,37067,0,CAPACITY_EXCEEDED,INVALID
1494,2,15,29,25585,36714,1,FEASIBLE,WORSE
1495,2,15,30,27027,37904,0,CAPACITY_EXCEEDED,INVALID
1496,2,15,31,25839,36756,0,CAPACITY_EXCEEDED,INVALID
1497,2,15,32,25917,36504,0,CAPACITY_EXCEEDED,INVALID
1498,2,15,33,25950,36824,0,CAPACITY_EXCEEDED,INVALID
1499,2,15,34,26537,37549,0,CAPACITY_EXCEEDED,INVALID
1500,2,15,35,26509,37471,0,CAPACITY_EXCEEDED,INVALID
1501,2,15,36,25864,36459,0,CAPACITY_EXCEEDED,INVALID
1502,2,15,37,26202,36917,0,CAPACITY_EXCEEDED,INVALID
1503,2,15,38,27037,37600,0,CAPACITY_EXCEEDED,INVALID
1504,2,15,39,25602,36459,1,FEASIBLE,WORSE
1505,2,15,40,25699,36827,1,FEASIBLE,WORSE
1506,2,15,41,26288,36677,0,CAPACITY_EXCEEDED,INVALID
1507,2,15,42,25946,36525,0,CAPACITY_EXCEEDED,INVALID
1508,2,15,43,25878,37120,0,CAPACITY_EXCEEDED,INVALID
1509,2,15,44,26217,37049,0,CAPACITY_EXCEEDED,INVALID
1510,2,15,45,25343,36527,1,FEASIBLE,WORSE
1511,2,15,46,27067,37541,0,CAPACITY_EXCEEDED,INVALID
1512,2,15,47,25808,36641,0,CAPACITY_EXCEEDED,INVALID
1513,2,15,48,27017,37504,0,CAPACITY_EXCEEDED,INVALID
1514,2,15,49,26110,36715,0,CAPACITY_EXCEEDED,INVALID
1515,2,15,50,26081,36703,0,CAPACITY_EXCEEDED,INVALID
1516,2,15,51,25785,36456,0,CAPACITY_EXCEEDED,INVALID
1517,2,15,52,25567,36562,1,FEASIBLE,WORSE
1518,2,15,53,25663,36902,1,FEASIBLE,WORSE
1519,2,15,54,26304,37208,0,CAPACITY_EXCEEDED,INVALID
1520,2,15,55,26925,37557,0,CAPACITY_EXCEEDED,INVALID
1521,2,15,56,27220,37935,0,CAPACITY_EXCEEDED,INVALID
1522,2,15,57,27055,37916,0,CAPACITY_EXCEEDED,INVALID
1523,2,15,58,27239,37478,0,CAPACITY_EXCEEDED,INVALID
1524,2,15,59,25329,36502,1,FEASIBLE,WORSE
1525,2,15,60,26087,36898,0,CAPACITY_EXCEEDED,INVALID
1526,2,15,61,26014,36704,0,CAPACITY_EXCEEDED,INVALID
1527,2,15,62,26859,37626,0,CAPACITY_EXCEEDED,INVALID
1528,2,15,63,27288,37650,0,CAPACITY_EXCEEDED,INVALID
1529,2,15,64,26681,37418,0,CAPACITY_EXCEEDED,INVALID
1530,2,15,65,27253,37750,0,CAPACITY_EXCEEDED,INVALID
1531,2,15,66,27162,37673,0,CAPACITY_EXCEEDED,INVALID
1532,2,15,67,25794,36982,0,CAPACITY_EXCEEDED,INVALID
1533,2,15,68,26937,37783,0,CAPACITY_EXCEEDED,INVALID
1534,2,15,69,25353,36571,1,FEASIBLE,WORSE
1535,2,15,70,25527,36514,1,FEASIBLE,WORSE
1536,2,15,71,26607,37582,0,CAPACITY_EXCEEDED,INVALID
1537,2,15,72,27157,37803,0,CAPACITY_EXCEEDED,INVALID
1538,2,15,73,26115,37239,0,CAPACITY_EXCEEDED,INVALID
1539,2,15,74,25941,36742,0,CAPACITY_EXCEEDED,INVALID
1540,2,15,75,25352,36431,1,FEASIBLE,WORSE
1541,2,15,76,27159,37608,0,CAPACITY_EXCEEDED,INVALID
1542,2,15,77,25999,36639,0,CAPACITY_EXCEEDED,INVALID
1543,2,15,78,26020,37105,0,CAPACITY_EXCEEDED,INVALID
1544,2,15,79,26925,37420,0,CAPACITY_EXCEEDED,INVALID
1545,2,15,80,25468,36641,1,FEASIBLE,WORSE
1546,2,15,81,26996,37748,0,CAPACITY_EXCEEDED,INVALID
1547,2,15,82,27248,37577,0,CAPACITY_EXCEEDED,INVALID
1548,2,15,83,27040,37842,0,CAPACITY_EXCEEDED,INVALID
1549,2,15,84,27132,37638,0,CAPACITY_EXCEEDED,INVALID
1550,2,15,85,25706,36995,1,FEASIBLE,WORSE
1551,2,15,86,25948,36959,0,CAPACITY_EXCEEDED,INVALID
1552,2,15,87,25883,36988,0,CAPACITY_EXCEEDED,INVALID
1553,2,15,88,25821,36817,0,CAPACITY_EXCEEDED,INVALID
1554,2,15,89,26840,37695,0,CAPACITY_EXCEEDED,INVALID
1555,2,15,90,27150,37502,0,CAPACITY_EXCEEDED,INVALID
1556,2,15,91,26580,37492,0,CAPACITY_EXCEEDED,INVALID
1557,2,15,92,26242,37299,0,CAPACITY_EXCEEDED,INVALID
1558,2,15,93,25577,36885,1,FEASIBLE,WORSE
1559,2,15,94,26040,37045,0,CAPACITY_EXCEEDED,INVALID
1560,2,15,95,25891,36598,0,CAPACITY_EXCEEDED,INVALID
1561,2,15,96,26193,36901,0,CAPACITY_EXCEEDED,INVALID
1562,2,15,97,25481,36697,1,FEASIBLE,WORSE
1563,2,15,98,26037,36425,0,CAPACITY_EXCEEDED,INVALID
1564,2,15,99,26603,37469,0,CAPACITY_EXCEEDED,INVALID
1565,2,16,17,26878,37458,0,CAPACITY_EXCEEDED,INVALID
1566,2,16,18,25466,36783,1,FEASIBLE,WORSE
1567,2,16,19,25824,36288,0,CAPACITY_EXCEEDED,INVALID
1568,2,16,20,26514,37571,0,CAPACITY_EXCEEDED,INVALID
1569,2,16,21,26406,37305,0,CAPACITY_EXCEEDED,INVALID
1570,2,16,22,26382,37450,0,CAPACITY_EXCEEDED,INVALID
1571,2,16,23,25753,36199,0,CAPACITY_EXCEEDED,INVALID
1572,2,16,24,26031,37255,0,CAPACITY_EXCEEDED,INVALID
1573,2,16,25,25327,36570,1,FEASIBLE,WORSE
1574,2,16,26,25455,36813,1,FEASIBLE,WORSE
1575,2,16,27,25781,36530,0,CAPACITY_EXCEEDED,INVALID
1576,2,16,28,25468,36852,1,FEASIBLE,WORSE
1577,2,16,29,25182,36499,1,FEASIBLE,WORSE
1578,2,16,30,26624,37689,0,CAPACITY_EXCEEDED,INVALID
1579,2,16,31,25436,36541,1,FEASIBLE,WORSE
1580,2,16,32,25514,36289,1,FEASIBLE,WORSE
1581,2,16,33,25547,36609,1,FEASIBLE,WORSE
1582,2,16,34,26134,37334,0,CAPACITY_EXCEEDED,INVALID
1583,2,16,35,26106,37256,0,CAPACITY_EXCEEDED,INVALID
1584,2,16,36,25461,36244,1,FEASIBLE,WORSE
1585,2,16,37,25799,36702,0,CAPACITY_EXCEEDED,INVALID
1586,2,16,38,26634,37385,0,CAPACITY_EXCEEDED,INVALID
1587,2,16,39,25199,36244,1,FEASIBLE,WORSE
1588,2,16,40,25296,36612,1,FEASIBLE,WORSE
1589,2,16,41,25885,36462,0,CAPACITY_EXCEEDED,INVALID
1590,2,16,42,25543,36310,1,FEASIBLE,WORSE
1591,2,16,43,25475,36905,1,FEASIBLE,WORSE
1592,2,16,44,25814,36834,0,CAPACITY_EXCEEDED,INVALID
1593,2,16,45,24940,36312,1,FEASIBLE,WORSE
1594,2,16,46,26664,37326,0,CAPACITY_EXCEEDED,INVALID
1595,2,16,47,25405,36426,1,FEASIBLE,WORSE
1596,2,16,48,26614,37289,0,CAPACITY_EXCEEDED,INVALID
1597,2,16,49,25707,36500,1,FEASIBLE,WORSE
1598,2,16,50,25678,36488,1,FEASIBLE,WORSE
1599,2,16,51,25382,36241,1,FEASIBLE,WORSE
1600,2,16,52,25164,36347,1,FEASIBLE,WORSE
1601,2,16,53,25260,36687,1,FEASIBLE,WORSE
1602,2,16,54,25901,36993,0,CAPACITY_EXCEEDED,INVALID
1603,2,16,55,26522,37342,0,CAPACITY_EXCEEDED,INVALID
1604,2,16,56,26817,37720,0,CAPACITY_EXCEEDED,INVALID
1605,2,16,57,26652,37701,0,CAPACITY_EXCEEDED,INVALID
1606,2,16,58,26836,37263,0,CAPACITY_EXCEEDED,INVALID
1607,2,16,59,24926,36287,1,FEASIBLE,WORSE
1608,2,16,60,25684,36683,1,FEASIBLE,WORSE
1609,2,16,61,25611,36489,1,FEASIBLE,WORSE
1610,2,16,62,26456,37411,0,CAPACITY_EXCEEDED,INVALID
1611,2,16,63,26885,37435,0,CAPACITY_EXCEEDED,INVALID
1612,2,16,64,26278,37203,0,CAPACITY_EXCEEDED,INVALID
1613,2,16,65,26850,37535,0,CAPACITY_EXCEEDED,INVALID
1614,2,16,66,26759,37458,0,CAPACITY_EXCEEDED,INVALID
1615,2,16,67,25391,36767,1,FEASIBLE,WORSE
1616,2,16,68,26534,37568,0,CAPACITY_EXCEEDED,INVALID
1617,2,16,69,24950,36356,1,FEASIBLE,WORSE
1618,2,16,70,25124,36299,1,FEASIBLE,WORSE
1619,2,16,71,26204,37367,0,CAPACITY_EXCEEDED,INVALID
1620,2,16,72,26754,37588,0,CAPACITY_EXCEEDED,INVALID
1621,2,16,73,25712,37024,1,FEASIBLE,WORSE
1622,2,16,74,25538,36527,1,FEASIBLE,WORSE
1623,2,16,75,24949,36216,1,FEASIBLE,WORSE
1624,2,16,76,26756,37393,0,CAPACITY_EXCEEDED,INVALID
1625,2,16,77,25596,36424,1,FEASIBLE,WORSE
1626,2,16,78,25617,36890,1,FEASIBLE,WORSE
1627,2,16,79,26522,37205,0,CAPACITY_EXCEEDED,INVALID
1628,2,16,80,25065,36426,1,FEASIBLE,WORSE
1629,2,16,81,26593,37533,0,CAPACITY_EXCEEDED,INVALID
1630,2,16,82,26845,37362,0,CAPACITY_EXCEEDED,INVALID
1631,2,16,83,26637,37627,0,CAPACITY_EXCEEDED,INVALID
1632,2,16,84,26729,37423,0,CAPACITY_EXCEEDED,INVALID
1633,2,16,85,25303,36780,1,FEASIBLE,WORSE
1634,2,16,86,25545,36744,1,FEASIBLE,WORSE
1635,2,16,87,25480,36773,1,FEASIBLE,WORSE
1636,2,16,88,25418,36602,1,FEASIBLE,WORSE
1637,2,16,89,26437,37480,0,CAPACITY_EXCEEDED,INVALID
1638,2,16,90,26747,37287,0,CAPACITY_EXCEEDED,INVALID
1639,2,16,91,26177,37277,0,CAPACITY_EXCEEDED,INVALID
1640,2,16,92,25839,37084,0,CAPACITY_EXCEEDED,INVALID
1641,2,16,93,25174,36670,1,FEASIBLE,WORSE
1642,2,16,94,25637,36830,1,FEASIBLE,WORSE
1643,2,16,95,25488,36383,1,FEASIBLE,WORSE
1644,2,16,96,25790,36686,0,CAPACITY_EXCEEDED,INVALID
1645,2,16,97,25078,36482,1,FEASIBLE,WORSE
1646,2,16,98,25634,36210,1,FEASIBLE,WORSE
1647,2,16,99,26200,37254,0,CAPACITY_EXCEEDED,INVALID
1648,2,17,18,26258,37030,0,CAPACITY_EXCEEDED,INVALID
1649,2,17,19,26616,36535,0,CAPACITY_EXCEEDED,INVALID
1650,2,17,20,27306,37818,0,CAPACITY_EXCEEDED,INVALID
1651,2,17,21,27198,37552,0,CAPACITY_EXCEEDED,INVALID
1652,2,17,22,27174,37697,0,CAPACITY_EXCEEDED,INVALID
1653,2,17,23,26545,36446,0,CAPACITY_EXCEEDED,INVALID
1654,2,17,24,26823,37502,0,CAPACITY_EXCEEDED,INVALID
1655,2,17,25,26119,36817,0,CAPACITY_EXCEEDED,INVALID
1656,2,17,26,26247,37060,0,CAPACITY_EXCEEDED,INVALID
1657,2,17,27,26573,36777,0,CAPACITY_EXCEEDED,INVALID
1658,2,17,28,26260,37099,0,CAPACITY_EXCEEDED,INVALID
1659,2,17,29,25974,36746,0,CAPACITY_EXCEEDED,INVALID
1660,2,17,30,27416,37936,0,CAPACITY_EXCEEDED,INVALID
1661,2,17,31,26228,36788,0,CAPACITY_EXCEEDED,INVALID
1662,2,17,32,26306,36536,0,CAPACITY_EXCEEDED,INVALID
1663,2,17,33,26339,36856,0,CAPACITY_EXCEEDED,INVALID
1664,2,17,34,26926,37581,0,CAPACITY_EXCEEDED,INVALID
1665,2,17,35,26898,37503,0,CAPACITY_EXCEEDED,INVALID
1666,2,17,36,26253,36491,0,CAPACITY_EXCEEDED,INVALID
1667,2,17,37,26591,36949,0,CAPACITY_EXCEEDED,INVALID
1668,2,17,38,27426,37632,0,CAPACITY_EXCEEDED,INVALID
1669,2,17,39,25991,36491,0,CAPACITY_EXCEEDED,INVALID
1670,2,17,40,26088,36859,0,CAPACITY_EXCEEDED,INVALID
1671,2,17,41,26677,36709,0,CAPACITY_EXCEEDED,INVALID
1672,2,17,42,26335,36557,0,CAPACITY_EXCEEDED,INVALID
1673,2,17,43,26267,37152,0,CAPACITY_EXCEEDED,INVALID
1674,2,17,44,26606,37081,0,CAPACITY_EXCEEDED,INVALID
1675,2,17,45,25732,36559,1,FEASIBLE,WORSE
1676,2,17,46,27456,37573,0,CAPACITY_EXCEEDED,INVALID
1677,2,17,47,26197,36673,0,CAPACITY_EXCEEDED,INVALID
1678,2,17,48,27406,37536,0,CAPACITY_EXCEEDED,INVALID
1679,2,17,49,26499,36747,0,CAPACITY_EXCEEDED,INVALID
1680,2,17,50,26470,36735,0,CAPACITY_EXCEEDED,INVALID
1681,2,17,51,26174,36488,0,CAPACITY_EXCEEDED,INVALID
1682,2,17,52,25956,36594,0,CAPACITY_EXCEEDED,INVALID
1683,2,17,53,26052,36934,0,CAPACITY_EXCEEDED,INVALID
1684,2,17,54,26693,37240,0,CAPACITY_EXCEEDED,INVALID
1685,2,17,55,27314,37589,0,CAPACITY_EXCEEDED,INVALID
1686,2,17,56,27609,37967,0,CAPACITY_EXCEEDED,INVALID
1687,2,17,57,27444,37948,0,CAPACITY_EXCEEDED,INVALID
1688,2,17,58,27628,37510,0,CAPACITY_EXCEEDED,INVALID
1689,2,17,59,25718,36534,1,FEASIBLE,WORSE
1690,2,17,60,26476,36930,0,CAPACITY_EXCEEDED,INVALID
1691,2,17,61,26403,36736,0,CAPACITY_EXCEEDED,INVALID
1692,2,17,62,27248,37658,0,CAPACITY_EXCEEDED,INVALID
1693,2,17,63,27677,37682,0,CAPACITY_EXCEEDED,INVALID
1694,2,17,64,27070,37450,0,CAPACITY_EXCEEDED,INVALID
1695,2,17,65,27642,37782,0,CAPACITY_EXCEEDED,INVALID
1696,2,17,66,27551,37705,0,CAPACITY_EXCEEDED,INVALID
1697,2,17,67,26183,37014,0,CAPACITY_EXCEEDED,INVALID
1698,2,17,68,27326,37815,0,CAPACITY_EXCEEDED,INVALID
1699,2,17,69,25742,36603,1,FEASIBLE,WORSE
1700,2,17,70,25916,36546,0,CAPACITY_EXCEEDED,INVALID
1701,2,17,71,26996,37614,0,CAPACITY_EXCEEDED,INVALID
1702,2,17,72,27546,37835,0,CAPACITY_EXCEEDED,INVALID
1703,2,17,73,26504,37271,0,CAPACITY_EXCEEDED,INVALID
1704,2,17,74,26330,36774,0,CAPACITY_EXCEEDED,INVALID
1705,2,17,75,25741,36463,1,FEASIBLE,WORSE
1706,2,17,76,27548,37640,0,CAPACITY_EXCEEDED,INVALID
1707,2,17,77,26388,36671,0,CAPACITY_EXCEEDED,INVALID
1708,2,17,78,26409,37137,0,CAPACITY_EXCEEDED,INVALID
1709,2,17,79,27314,37452,0,CAPACITY_EXCEEDED,INVALID
1710,2,17,80,25857,36673,0,CAPACITY_EXCEEDED,INVALID
1711,2,17,81,27385,37780,0,CAPACITY_EXCEEDED,INVALID
1712,2,17,82,27637,37609,0,CAPACITY_EXCEEDED,INVALID
1713,2,17,83,27429,37874,0,CAPACITY_EXCEEDED,INVALID
1714,2,17,84,27521,37670,0,CAPACITY_EXCEEDED,INVALID
1715,2,17,85,26095,37027,0,CAPACITY_EXCEEDED,INVALID
1716,2,17,86,26337,36991,0,CAPACITY_EXCEEDED,INVALID
1717,2,17,87,26272,37020,0,CAPACITY_EXCEEDED,INVALID
1718,2,17,88,26210,36849,0,CAPACITY_EXCEEDED,INVALID
1719,2,17,89,27229,37727,0,CAPACITY_EXCEEDED,INVALID
1720,2,17,90,27539,37534,0,CAPACITY_EXCEEDED,INVALID
1721,2,17,91,26969,37524,0,CAPACITY_EXCEEDED,INVALID
1722,2,17,92,26631,37331,0,CAPACITY_EXCEEDED,INVALID
1723,2,17,93,25966,36917,0,CAPACITY_EXCEEDED,INVALID
1724,2,17,94,26429,37077,0,CAPACITY_EXCEEDED,INVALID
1725,2,17,95,26280,36630,0,CAPACITY_EXCEEDED,INVALID
1726,2,17,96,26582,36933,0,CAPACITY_EXCEEDED,INVALID
1727,2,17,97,25870,36729,0,CAPACITY_EXCEEDED,INVALID
1728,2,17,98,26426,36457,0,CAPACITY_EXCEEDED,INVALID
1729,2,17,99,26992,37501,0,CAPACITY_EXCEEDED,INVALID
1730,2,18,19,25204,35860,1,FEASIBLE,WORSE
1731,2,18,20,25894,37143,0,CAPACITY_EXCEEDED,INVALID
1732,2,18,21,25786,36877,0,CAPACITY_EXCEEDED,INVALID
1733,2,18,22,25762,37022,0,CAPACITY_EXCEEDED,INVALID
1734,2,18,23,25133,35771,1,FEASIBLE,WORSE
1735,2,18,24,25411,36827,1,FEASIBLE,WORSE
1736,2,18,25,24707,36142,1,FEASIBLE,WORSE
1737,2,18,26,24835,36385,1,FEASIBLE,WORSE
1738,2,18,27,25161,36102,1,FEASIBLE,WORSE
1739,2,18,28,24848,36424,1,FEASIBLE,WORSE
1740,2,18,29,24562,36071,1,FEASIBLE,WORSE
1741,2,18,30,26004,37261,0,CAPACITY_EXCEEDED,INVALID
1742,2,18,31,24816,36113,1,FEASIBLE,WORSE
1743,2,18,32,24894,35861,1,FEASIBLE,WORSE
1744,2,18,33,24927,36181,1,FEASIBLE,WORSE
1745,2,18,34,25514,36906,1,FEASIBLE,WORSE
1746,2,18,35,25486,36828,1,FEASIBLE,WORSE
1747,2,18,36,24841,35816,1,FEASIBLE,WORSE
1748,2,18,37,25179,36274,1,FEASIBLE,WORSE
1749,2,18,38,26014,36957,0,CAPACITY_EXCEEDED,INVALID
1750,2,18,39,24579,35816,1,FEASIBLE,WORSE
1751,2,18,40,24676,36184,1,FEASIBLE,WORSE
1752,2,18,41,25265,36034,1,FEASIBLE,WORSE
1753,2,18,42,24923,35882,1,FEASIBLE,WORSE
1754,2,18,43,24855,36477,1,FEASIBLE,WORSE
1755,2,18,44,25194,36406,1,FEASIBLE,WORSE
1756,2,18,45,24320,35884,1,FEASIBLE,WORSE
1757,2,18,46,26044,36898,0,CAPACITY_EXCEEDED,INVALID
1758,2,18,47,24785,35998,1,FEASIBLE,WORSE
1759,2,18,48,25994,36861,0,CAPACITY_EXCEEDED,INVALID
1760,2,18,49,25087,36072,1,FEASIBLE,WORSE
1761,2,18,50,25058,36060,1,FEASIBLE,WORSE
1762,2,18,51,24762,35813,1,FEASIBLE,WORSE
1763,2,18,52,24544,35919,1,FEASIBLE,WORSE
1764,2,18,53,24640,36259,1,FEASIBLE,WORSE
1765,2,18,54,25281,36565,1,FEASIBLE,WORSE
1766,2,18,55,25902,36914,0,CAPACITY_EXCEEDED,INVALID
1767,2,18,56,26197,37292,0,CAPACITY_EXCEEDED,INVALID
1768,2,18,57,26032,37273,0,CAPACITY_EXCEEDED,INVALID
1769,2,18,58,26216,36835,0,CAPACITY_EXCEEDED,INVALID
1770,2,18,59,24306,35859,1,FEASIBLE,WORSE
1771,2,18,60,25064,36255,1,FEASIBLE,WORSE
1772,2,18,61,24991,36061,1,FEASIBLE,WORSE
1773,2,18,62,25836,36983,0,CAPACITY_EXCEEDED,INVALID
1774,2,18,63,26265,37007,0,CAPACITY_EXCEEDED,INVALID
1775,2,18,64,25658,36775,1,FEASIBLE,WORSE
1776,2,18,65,26230,37107,0,CAPACITY_EXCEEDED,INVALID
1777,2,18,66,26139,37030,0,CAPACITY_EXCEEDED,INVALID
1778,2,18,67,24771,36339,1,FEASIBLE,WORSE
1779,2,18,68,25914,37140,0,CAPACITY_EXCEEDED,INVALID
1780,2,18,69,24330,35928,1,FEASIBLE,WORSE
1781,2,18,70,24504,35871,1,FEASIBLE,WORSE
1782,2,18,71,25584,36939,1,FEASIBLE,WORSE
1783,2,18,72,26134,37160,0,CAPACITY_EXCEEDED,INVALID
1784,2,18,73,25092,36596,1,FEASIBLE,WORSE
1785,2,18,74,24918,36099,1,FEASIBLE,WORSE
1786,2,18,75,24329,35788,1,FEASIBLE,WORSE
1787,2,18,76,26136,36965,0,CAPACITY_EXCEEDED,INVALID
1788,2,18,77,24976,35996,1,FEASIBLE,WORSE
1789,2,18,78,24997,36462,1,FEASIBLE,WORSE
1790,2,18,79,25902,36777,0,CAPACITY_EXCEEDED,INVALID
1791,2,18,80,24445,35998,1,FEASIBLE,WORSE
1792,2,18,81,25973,37105,0,CAPACITY_EXCEEDED,INVALID
1793,2,18,82,26225,36934,0,CAPACITY_EXCEEDED,INVALID
1794,2,18,83,26017,37199,0,CAPACITY_EXCEEDED,INVALID
1795,2,18,84,26109,36995,0,CAPACITY_EXCEEDED,INVALID
1796,2,18,85,24683,36352,1,FEASIBLE,WORSE
1797,2,18,86,24925,36316,1,FEASIBLE,WORSE
1798,2,18,87,24860,36345,1,FEASIBLE,WORSE
1799,2,18,88,24798,36174,1,FEASIBLE,WORSE
1800,2,18,89,25817,37052,0,CAPACITY_EXCEEDED,INVALID
1801,2,18,90,26127,36859,0,CAPACITY_EXCEEDED,INVALID
1802,2,18,91,25557,36849,1,FEASIBLE,WORSE
1803,2,18,92,25219,36656,1,FEASIBLE,WORSE
1804,2,18,93,24554,36242,1,FEASIBLE,WORSE
1805,2,18,94,25017,36402,1,FEASIBLE,WORSE
1806,2,18,95,24868,35955,1,FEASIBLE,WORSE
1807,2,18,96,25170,36258,1,FEASIBLE,WORSE
1808,2,18,97,24458,36054,1,FEASIBLE,WORSE
1809,2,18,98,25014,35782,1,FEASIBLE,WORSE
1810,2,18,99,25580,36826,1,FEASIBLE,WORSE
1811,2,19,20,26252,36648,0,CAPACITY_EXCEEDED,INVALID
1812,2,19,21,26144,36382,0,CAPACITY_EXCEEDED,INVALID
1813,2,19,22,26120,36527,0,CAPACITY_EXCEEDED,INVALID
1814,2,19,23,25491,35276,1,FEASIBLE,WORSE
1815,2,19,24,25769,36332,0,CAPACITY_EXCEEDED,INVALID
1816,2,19,25,25065,35647,1,FEASIBLE,WORSE
1817,2,19,26,25193,35890,1,FEASIBLE,WORSE
1818,2,19,27,25519,35607,1,FEASIBLE,WORSE
1819,2,19,28,25206,35929,1,FEASIBLE,WORSE
1820,2,19,29,24920,35576,1,FEASIBLE,WORSE
1821,2,19,30,26362,36766,0,CAPACITY_EXCEEDED,INVALID
1822,2,19,31,25174,35618,1,FEASIBLE,WORSE
1823,2,19,32,25252,35366,1,FEASIBLE,WORSE
1824,2,19,33,25285,35686,1,FEASIBLE,WORSE
1825,2,19,34,25872,36411,0,CAPACITY_EXCEEDED,INVALID
1826,2,19,35,25844,36333,0,CAPACITY_EXCEEDED,INVALID
1827,2,19,36,25199,35321,1,FEASIBLE,WORSE
1828,2,19,37,25537,35779,1,FEASIBLE,WORSE
1829,2,19,38,26372,36462,0,CAPACITY_EXCEEDED,INVALID
1830,2,19,39,24937,35321,1,FEASIBLE,WORSE
1831,2,19,40,25034,35689,1,FEASIBLE,WORSE
1832,2,19,41,25623,35539,1,FEASIBLE,WORSE
1833,2,19,42,25281,35387,1,FEASIBLE,WORSE
1834,2,19,43,25213,35982,1,FEASIBLE,WORSE
1835,2,19,44,25552,35911,1,FEASIBLE,WORSE
1836,2,19,45,24678,35389,1,FEASIBLE,WORSE
1837,2,19,46,26402,36403,0,CAPACITY_EXCEEDED,INVALID
1838,2,19,47,25143,35503,1,FEASIBLE,WORSE
1839,2,19,48,26352,36366,0,CAPACITY_EXCEEDED,INVALID
1840,2,19,49,25445,35577,1,FEASIBLE,WORSE
1841,2,19,50,25416,35565,1,FEASIBLE,WORSE
1842,2,19,51,25120,35318,1,FEASIBLE,WORSE
1843,2,19,52,24902,35424,1,FEASIBLE,WORSE
1844,2,19,53,24998,35764,1,FEASIBLE,WORSE
1845,2,19,54,25639,36070,1,FEASIBLE,WORSE
1846,2,19,55,26260,36419,0,CAPACITY_EXCEEDED,INVALID
1847,2,19,56,26555,36797,0,CAPACITY_EXCEEDED,INVALID
1848,2,19,57,26390,36778,0,CAPACITY_EXCEEDED,INVALID
1849,2,19,58,26574,36340,0,CAPACITY_EXCEEDED,INVALID
1850,2,19,59,24664,35364,1,FEASIBLE,WORSE
1851,2,19,60,25422,35760,1,FEASIBLE,WORSE
1852,2,19,61,25349,35566,1,FEASIBLE,WORSE
1853,2,19,62,26194,36488,0,CAPACITY_EXCEEDED,INVALID
1854,2,19,63,26623,36512,0,CAPACITY_EXCEEDED,INVALID
1855,2,19,64,26016,36280,0,CAPACITY_EXCEEDED,INVALID
1856,2,19,65,26588,36612,0,CAPACITY_EXCEEDED,INVALID
1857,2,19,66,26497,36535,0,CAPACITY_EXCEEDED,INVALID
1858,2,19,67,25129,35844,1,FEASIBLE,WORSE
1859,2,19,68,26272,36645,0,CAPACITY_EXCEEDED,INVALID
1860,2,19,69,24688,35433,1,FEASIBLE,WORSE
1861,2,19,70,24862,35376,1,FEASIBLE,WORSE
1862,2,19,71,25942,36444,0,CAPACITY_EXCEEDED,INVALID
1863,2,19,72,26492,36665,0,CAPACITY_EXCEEDED,INVALID
1864,2,19,73,25450,36101,1,FEASIBLE,WORSE
1865,2,19,74,25276,35604,1,FEASIBLE,WORSE
1866,2,19,75,24687,35293,1,FEASIBLE,WORSE
1867,2,19,76,26494,36470,0,CAPACITY_EXCEEDED,INVALID
1868,2,19,77,25334,35501,1,FEASIBLE,WORSE
1869,2,19,78,25355,35967,1,FEASIBLE,WORSE
1870,2,19,79,26260,36282,0,CAPACITY_EXCEEDED,INVALID
1871,2,19,80,24803,35503,1,FEASIBLE,WORSE
1872,2,19,81,26331,36610,0,CAPACITY_EXCEEDED,INVALID
1873,2,19,82,26583,36439,0,CAPACITY_EXCEEDED,INVALID
1874,2,19,83,26375,36704,0,CAPACITY_EXCEEDED,INVALID
1875,2,19,84,26467,36500,0,CAPACITY_EXCEEDED,INVALID
1876,2,19,85,25041,35857,1,FEASIBLE,WORSE
1877,2,19,86,25283,35821,1,FEASIBLE,WORSE
1878,2,19,87,25218,35850,1,FEASIBLE,WORSE
1879,2,19,88,25156,35679,1,FEASIBLE,WORSE
1880,2,19,89,26175,36557,0,CAPACITY_EXCEEDED,INVALID
1881,2,19,90,26485,36364,0,CAPACITY_EXCEEDED,INVALID
1882,2,19,91,25915,36354,0,CAPACITY_EXCEEDED,INVALID
1883,2,19,92,25577,36161,1,FEASIBLE,WORSE
1884,2,19,93,24912,35747,1,FEASIBLE,WORSE
1885,2,19,94,25375,35907,1,FEASIBLE,WORSE
1886,2,19,95,25226,35460,1,FEASIBLE,WORSE
1887,2,19,96,25528,35763,1,FEASIBLE,WORSE
1888,2,19,97,24816,35559,1,FEASIBLE,WORSE
1889,2,19,98,25372,35287,1,FEASIBLE,WORSE
1890,2,19,99,25938,36331,0,CAPACITY_EXCEEDED,INVALID
1891,2,20,21,26834,37665,0,CAPACITY_EXCEEDED,INVALID
1892,2,20,22,26810,37810,0,CAPACITY_EXCEEDED,INVALID
1893,2,20,23,26181,36559,0,CAPACITY_EXCEEDED,INVALID
1894,2,20,24,26459,37615,0,CAPACITY_EXCEEDED,INVALID
1895,2,20,25,25755,36930,0,CAPACITY_EXCEEDED,INVALID
1896,2,20,26,25883,37173,0,CAPACITY_EXCEEDED,INVALID
1897,2,20,27,26209,36890,0,CAPACITY_EXCEEDED,INVALID
1898,2,20,28,25896,37212,0,CAPACITY_EXCEEDED,INVALID
1899,2,20,29,25610,36859,1,FEASIBLE,WORSE
1900,2,20,30,27052,38049,0,CAPACITY_EXCEEDED,INVALID
1901,2,20,31,25864,36901,0,CAPACITY_EXCEEDED,INVALID
1902,2,20,32,25942,36649,0,CAPACITY_EXCEEDED,INVALID
1903,2,20,33,25975,36969,0,CAPACITY_EXCEEDED,INVALID
1904,2,20,34,26562,37694,0,CAPACITY_EXCEEDED,INVALID
1905,2,20,35,26534,37616,0,CAPACITY_EXCEEDED,INVALID
1906,2,20,36,25889,36604,0,CAPACITY_EXCEEDED,INVALID
1907,2,20,37,26227,37062,0,CAPACITY_EXCEEDED,INVALID
1908,2,20,38,27062,37745,0,CAPACITY_EXCEEDED,INVALID
1909,2,20,39,25627,36604,1,FEASIBLE,WORSE
1910,2,20,40,25724,36972,1,FEASIBLE,WORSE
1911,2,20,41,26313,36822,0,CAPACITY_EXCEEDED,INVALID
1912,2,20,42,25971,36670,0,CAPACITY_EXCEEDED,INVALID
1913,2,20,43,25903,37265,0,CAPACITY_EXCEEDED,INVALID
1914,2,20,44,26242,37194,0,CAPACITY_EXCEEDED,INVALID
1915,2,20,45,25368,36672,1,FEASIBLE,WORSE
1916,2,20,46,27092,37686,0,CAPACITY_EXCEEDED,INVALID
1917,2,20,47,25833,36786,0,CAPACITY_EXCEEDED,INVALID
1918,2,20,48,27042,37649,0,CAPACITY_EXCEEDED,INVALID
1919,2,20,49,26135,36860,0,CAPACITY_EXCEEDED,INVALID
1920,2,20,50,26106,36848,0,CAPACITY_EXCEEDED,INVALID
1921,2,20,51,25810,36601,0,CAPACITY_EXCEEDED,INVALID
1922,2,20,52,25592,36707,1,FEASIBLE,WORSE
1923,2,20,53,25688,37047,1,FEASIBLE,WORSE
1924,2,20,54,26329,37353,0,CAPACITY_EXCEEDED,INVALID
1925,2,20,55,26950,37702,0,CAPACITY_EXCEEDED,INVALID
1926,2,20,56,27245,38080,0,CAPACITY_EXCEEDED,INVALID
1927,2,20,57,27080,38061,0,CAPACITY_EXCEEDED,INVALID
1928,2,20,58,27264,37623,0,CAPACITY_EXCEEDED,INVALID
1929,2,20,59,25354,36647,1,FEASIBLE,WORSE
1930,2,20,60,26112,37043,0,CAPACITY_EXCEEDED,INVALID
1931,2,20,61,26039,36849,0,CAPACITY_EXCEEDED,INVALID
1932,2,20,62,26884,37771,0,CAPACITY_EXCEEDED,INVALID
1933,2,20,63,27313,37795,0,CAPACITY_EXCEEDED,INVALID
1934,2,20,64,26706,37563,0,CAPACITY_EXCEEDED,INVALID
1935,2,20,65,27278,37895,0,CAPACITY_EXCEEDED,INVALID
1936,2,20,66,27187,37818,0,CAPACITY_EXCEEDED,INVALID
1937,2,20,67,25819,37127,0,CAPACITY_EXCEEDED,INVALID
1938,2,20,68,26962,37928,0,CAPACITY_EXCEEDED,INVALID
1939,2,20,69,25378,36716,1,FEASIBLE,WORSE
1940,2,20,70,25552,36659,1,FEASIBLE,WORSE
1941,2,20,71,26632,37727,0,CAPACITY_EXCEEDED,INVALID
1942,2,20,72,27182,37948,0,CAPACITY_EXCEEDED,INVALID
1943,2,20,73,26140,37384,0,CAPACITY_EXCEEDED,INVALID
1944,2,20,74,25966,36887,0,CAPACITY_EXCEEDED,INVALID
1945,2,20,75,25377,36576,1,FEASIBLE,WORSE
1946,2,20,76,27184,37753,0,CAPACITY_EXCEEDED,INVALID
1947,2,20,77,26024,36784,0,CAPACITY_EXCEEDED,INVALID
1948,2,20,78,26045,37250,0,CAPACITY_EXCEEDED,INVALID
1949,2,20,79,26950,37565,0,CAPACITY_EXCEEDED,INVALID
1950,2,20,80,25493,36786,1,FEASIBLE,WORSE
1951,2,20,81,27021,37893,0,CAPACITY_EXCEEDED,INVALID
1952,2,20,82,27273,37722,0,CAPACITY_EXCEEDED,INVALID
1953,2,20,83,27065,37987,0,CAPACITY_EXCEEDED,INVALID
1954,2,20,84,27157,37783,0,CAPACITY_EXCEEDED,INVALID
1955,2,20,85,25731,37140,1,FEASIBLE,WORSE
1956,2,20,86,25973,37104,0,CAPACITY_EXCEEDED,INVALID
1957,2,20,87,25908,37133,0,CAPACITY_EXCEEDED,INVALID
1958,2,20,88,25846,36962,0,CAPACITY_EXCEEDED,INVALID
1959,2,20,89,26865,37840,0,CAPACITY_EXCEEDED,INVALID
1960,2,20,90,27175,37647,0,CAPACITY_EXCEEDED,INVALID
1961,2,20,91,26605,37637,0,CAPACITY_EXCEEDED,INVALID
1962,2,20,92,26267,37444,0,CAPACITY_EXCEEDED,INVALID
1963,2,20,93,25602,37030,1,FEASIBLE,WORSE
1964,2,20,94,26065,37190,0,CAPACITY_EXCEEDED,INVALID
1965,2,20,95,25916,36743,0,CAPACITY_EXCEEDED,INVALID
1966,2,20,96,26218,37046,0,CAPACITY_EXCEEDED,INVALID
1967,2,20,97,25506,36842,1,FEASIBLE,WORSE
1968,2,20,98,26062,36570,0,CAPACITY_EXCEEDED,INVALID
1969,2,20,99,26628,37614,0,CAPACITY_EXCEEDED,INVALID
1970,2,21,22,26702,37544,0,CAPACITY_EXCEEDED,INVALID
1971,2,21,23,26073,36293,0,CAPACITY_EXCEEDED,INVALID
1972,2,21,24,26351,37349,0,CAPACITY_EXCEEDED,INVALID
1973,2,21,25,25647,36664,1,FEASIBLE,WORSE
1974,2,21,26,25775,36907,0,CAPACITY_EXCEEDED,INVALID
1975,2,21,27,26101,36624,0,CAPACITY_EXCEEDED,INVALID
1976,2,21,28,25788,36946,0,CAPACITY_EXCEEDED,INVALID
1977,2,21,29,25502,36593,1,FEASIBLE,WORSE
1978,2,21,30,26944,37783,0,CAPACITY_EXCEEDED,INVALID
1979,2,21,31,25756,36635,0,CAPACITY_EXCEEDED,INVALID
1980,2,21,32,25834,36383,0,CAPACITY_EXCEEDED,INVALID
1981,2,21,33,25867,36703,0,CAPACITY_EXCEEDED,INVALID
1982,2,21,34,26454,37428,0,CAPACITY_EXCEEDED,INVALID
1983,2,21,35,26426,37350,0,CAPACITY_EXCEEDED,INVALID
1984,2,21,36,25781,36338,0,CAPACITY_EXCEEDED,INVALID
1985,2,21,37,26119,36796,0,CAPACITY_EXCEEDED,INVALID
1986,2,21,38,26954,37479,0,CAPACITY_EXCEEDED,INVALID
1987,2,21,39,25519,36338,1,FEASIBLE,WORSE
1988,2,21,40,25616,36706,1,FEASIBLE,WORSE
1989,2,21,41,26205,36556,0,CAPACITY_EXCEEDED,INVALID
1990,2,21,42,25863,36404,0,CAPACITY_EXCEEDED,INVALID
1991,2,21,43,25795,36999,0,CAPACITY_EXCEEDED,INVALID
1992,2,21,44,26134,36928,0,CAPACITY_EXCEEDED,INVALID
1993,2,21,45,25260,36406,1,FEASIBLE,WORSE
1994,2,21,46,26984,37420,0,CAPACITY_EXCEEDED,INVALID
1995,2,21,47,25725,36520,1,FEASIBLE,WORSE
1996,2,21,48,26934,37383,0,CAPACITY_EXCEEDED,INVALID
1997,2,21,49,26027,36594,0,CAPACITY_EXCEEDED,INVALID
1998,2,21,50,25998,36582,0,CAPACITY_EXCEEDED,INVALID
1999,2,21,51,25702,36335,1,FEASIBLE,WORSE
2000,2,21,52,25484,36441,1,FEASIBLE,WORSE
2001,2,21,53,25580,36781,1,FEASIBLE,WORSE
2002,2,21,54,26221,37087,0,CAPACITY_EXCEEDED,INVALID
2003,2,21,55,26842,37436,0,CAPACITY_EXCEEDED,INVALID
2004,2,21,56,27137,37814,0,CAPACITY_EXCEEDED,INVALID
2005,2,21,57,26972,37795,0,CAPACITY_EXCEEDED,INVALID
2006,2,21,58,27156,37357,0,CAPACITY_EXCEEDED,INVALID
2007,2,21,59,25246,36381,1,FEASIBLE,WORSE
2008,2,21,60,26004,36777,0,CAPACITY_EXCEEDED,INVALID
2009,2,21,61,25931,36583,0,CAPACITY_EXCEEDED,INVALID
2010,2,21,62,26776,37505,0,CAPACITY_EXCEEDED,INVALID
2011,2,21,63,27205,37529,0,CAPACITY_EXCEEDED,INVALID
2012,2,21,64,26598,37297,0,CAPACITY_EXCEEDED,INVALID
2013,2,21,65,27170,37629,0,CAPACITY_EXCEEDED,INVALID
2014,2,21,66,27079,37552,0,CAPACITY_EXCEEDED,INVALID
2015,2,21,67,25711,36861,1,FEASIBLE,WORSE
2016,2,21,68,26854,37662,0,CAPACITY_EXCEEDED,INVALID
2017,2,21,69,25270,36450,1,FEASIBLE,WORSE
2018,2,21,70,25444,36393,1,FEASIBLE,WORSE
2019,2,21,71,26524,37461,0,CAPACITY_EXCEEDED,INVALID
2020,2,21,72,27074,37682,0,CAPACITY_EXCEEDED,INVALID
2021,2,21,73,26032,37118,0,CAPACITY_EXCEEDED,INVALID
2022,2,21,74,25858,36621,0,CAPACITY_EXCEEDED,INVALID
2023,2,21,75,25269,36310,1,FEASIBLE,WORSE
2024,2,21,76,27076,37487,0,CAPACITY_EXCEEDED,INVALID
2025,2,21,77,25916,36518,0,CAPACITY_EXCEEDED,INVALID
2026,2,21,78,25937,36984,0,CAPACITY_EXCEEDED,INVALID
2027,2,21,79,26842,37299,0,CAPACITY_EXCEEDED,INVALID
2028,2,21,80,25385,36520,1,FEASIBLE,WORSE
2029,2,21,81,26913,37627,0,CAPACITY_EXCEEDED,INVALID
2030,2,21,82,27165,37456,0,CAPACITY_EXCEEDED,INVALID
2031,2,21,83,26957,37721,0,CAPACITY_EXCEEDED,INVALID
2032,2,21,84,27049,37517,0,CAPACITY_EXCEEDED,INVALID
2033,2,21,85,25623,36874,1,FEASIBLE,WORSE
2034,2,21,86,25865,36838,0,CAPACITY_EXCEEDED,INVALID
2035,2,21,87,25800,36867,0,CAPACITY_EXCEEDED,INVALID
2036,2,21,88,25738,36696,1,FEASIBLE,WORSE
2037,2,21,89,26757,37574,0,CAPACITY_EXCEEDED,INVALID
2038,2,21,90,27067,37381,0,CAPACITY_EXCEEDED,INVALID
2039,2,21,91,26497,37371,0,CAPACITY_EXCEEDED,INVALID
2040,2,21,92,26159,37178,0,CAPACITY_EXCEEDED,INVALID
2041,2,21,93,25494,36764,1,FEASIBLE,WORSE
2042,2,21,94,25957,36924,0,CAPACITY_EXCEEDED,INVALID
2043,2,21,95,25808,36477,0,CAPACITY_EXCEEDED,INVALID
2044,2,21,96,26110,36780,0,CAPACITY_EXCEEDED,INVALID
2045,2,21,97,25398,36576,1,FEASIBLE,WORSE
2046,2,21,98,25954,36304,0,CAPACITY_EXCEEDED,INVALID
2047,2,21,99,26520,37348,0,CAPACITY_EXCEEDED,INVALID
2048,2,22,23,26049,36438,0,CAPACITY_EXCEEDED,INVALID
2049,2,22,24,26327,37494,0,CAPACITY_EXCEEDED,INVALID
2050,2,22,25,25623,36809,1,FEASIBLE,WORSE
2051,2,22,26,25751,37052,1,FEASIBLE,WORSE
2052,2,22,27,26077,36769,0,CAPACITY_EXCEEDED,INVALID
2053,2,22,28,25764,37091,0,CAPACITY_EXCEEDED,INVALID
2054,2,22,29,25478,36738,1,FEASIBLE,WORSE
2055,2,22,30,26920,37928,0,CAPACITY_EXCEEDED,INVALID
2056,2,22,31,25732,36780,1,FEASIBLE,WORSE
2057,2,22,32,25810,36528,0,CAPACITY_EXCEEDED,INVALID
2058,2,22,33,25843,36848,0,CAPACITY_EXCEEDED,INVALID
2059,2,22,34,26430,37573,0,CAPACITY_EXCEEDED,INVALID
2060,2,22,35,26402,37495,0,CAPACITY_EXCEEDED,INVALID
2061,2,22,36,25757,36483,0,CAPACITY_EXCEEDED,INVALID
2062,2,22,37,26095,36941,0,CAPACITY_EXCEEDED,INVALID
2063,2,22,38,26930,37624,0,CAPACITY_EXCEEDED,INVALID
2064,2,22,39,25495,36483,1,FEASIBLE,WORSE
2065,2,22,40,25592,36851,1,FEASIBLE,WORSE
2066,2,22,41,26181,36701,0,CAPACITY_EXCEEDED,INVALID
2067,2,22,42,25839,36549,0,CAPACITY_EXCEEDED,INVALID
2068,2,22,43,25771,37144,0,CAPACITY_EXCEEDED,INVALID
2069,2,22,44,26110,37073,0,CAPACITY_EXCEEDED,INVALID
2070,2,22,45,25236,36551,1,FEASIBLE,WORSE
2071,2,22,46,26960,37565,0,CAPACITY_EXCEEDED,INVALID
2072,2,22,47,25701,36665,1,FEASIBLE,WORSE
2073,2,22,48,26910,37528,0,CAPACITY_EXCEEDED,INVALID
2074,2,22,49,26003,36739,0,CAPACITY_EXCEEDED,INVALID
2075,2,22,50,25974,36727,0,CAPACITY_EXCEEDED,INVALID
2076,2,22,51,25678,36480,1,FEASIBLE,WORSE
2077,2,22,52,25460,36586,1,FEASIBLE,WORSE
2078,2,22,53,25556,36926,1,FEASIBLE,WORSE
2079,2,22,54,26197,37232,0,CAPACITY_EXCEEDED,INVALID
2080,2,22,55,26818,37581,0,CAPACITY_EXCEEDED,INVALID
2081,2,22,56,27113,37959,0,CAPACITY_EXCEEDED,INVALID
2082,2,22,57,26948,37940,0,CAPACITY_EXCEEDED,INVALID
2083,2,22,58,27132,37502,0,CAPACITY_EXCEEDED,INVALID
2084,2,22,59,25222,36526,1,FEASIBLE,WORSE
2085,2,22,60,25980,36922,0,CAPACITY_EXCEEDED,INVALID
2086,2,22,61,25907,36728,0,CAPACITY_EXCEEDED,INVALID
2087,2,22,62,26752,37650,0,CAPACITY_EXCEEDED,INVALID
2088,2,22,63,27181,37674,0,CAPACITY_EXCEEDED,INVALID
2089,2,22,64,26574,37442,0,CAPACITY_EXCEEDED,INVALID
2090,2,22,65,27146,37774,0,CAPACITY_EXCEEDED,INVALID
2091,2,22,66,27055,37697,0,CAPACITY_EXCEEDED,INVALID
2092,2,22,67,25687,37006,1,FEASIBLE,WORSE
2093,2,22,68,26830,37807,0,CAPACITY_EXCEEDED,INVALID
2094,2,22,69,25246,36595,1,FEASIBLE,WORSE
2095,2,22,70,25420,36538,1,FEASIBLE,WORSE
2096,2,22,71,26500,37606,0,CAPACITY_EXCEEDED,INVALID
2097,2,22,72,27050,37827,0,CAPACITY_EXCEEDED,INVALID
2098,2,22,73,26008,37263,0,CAPACITY_EXCEEDED,INVALID
2099,2,22,74,25834,36766,0,CAPACITY_EXCEEDED,INVALID
2100,2,22,75,25245,36455,1,FEASIBLE,WORSE
2101,2,22,76,27052,37632,0,CAPACITY_EXCEEDED,INVALID
2102,2,22,77,25892,36663,0,CAPACITY_EXCEEDED,INVALID
2103,2,22,78,25913,37129,0,CAPACITY_EXCEEDED,INVALID
2104,2,22,79,26818,37444,0,CAPACITY_EXCEEDED,INVALID
2105,2,22,80,25361,36665,1,FEASIBLE,WORSE
2106,2,22,81,26889,37772,0,CAPACITY_EXCEEDED,INVALID
2107,2,22,82,27141,37601,0,CAPACITY_EXCEEDED,INVALID
2108,2,22,83,26933,37866,0,CAPACITY_EXCEEDED,INVALID
2109,2,22,84,27025,37662,0,CAPACITY_EXCEEDED,INVALID
2110,2,22,85,25599,37019,1,FEASIBLE,WORSE
2111,2,22,86,25841,36983,0,CAPACITY_EXCEEDED,INVALID
2112,2,22,87,25776,37012,0,CAPACITY_EXCEEDED,INVALID
2113,2,22,88,25714,36841,1,FEASIBLE,WORSE
2114,2,22,89,26733,37719,0,CAPACITY_EXCEEDED,INVALID
2115,2,22,90,27043,37526,0,CAPACITY_EXCEEDED,INVALID
2116,2,22,91,26473,37516,0,CAPACITY_EXCEEDED,INVALID
2117,2,22,92,26135,37323,0,CAPACITY_EXCEEDED,INVALID
2118,2,22,93,25470,36909,1,FEASIBLE,WORSE
2119,2,22,94,25933,37069,0,CAPACITY_EXCEEDED,INVALID
2120,2,22,95,25784,36622,0,CAPACITY_EXCEEDED,INVALID
2121,2,22,96,26086,36925,0,CAPACITY_EXCEEDED,INVALID
2122,2,22,97,25374,36721,1,FEASIBLE,WORSE
2123,2,22,98,25930,36449,0,CAPACITY_EXCEEDED,INVALID
2124,2,22,99,26496,37493,0,CAPACITY_EXCEEDED,INVALID
2125,2,23,24,25698,36243,1,FEASIBLE,WORSE
2126,2,23,25,24994,35558,1,FEASIBLE,WORSE
2127,2,23,26,25122,35801,1,FEASIBLE,WORSE
2128,2,23,27,25448,35518,1,FEASIBLE,WORSE
2129,2,23,28,25135,35840,1,FEASIBLE,WORSE
2130,2,23,29,24849,35487,1,FEASIBLE,WORSE
2131,2,23,30,26291,36677,0,CAPACITY_EXCEEDED,INVALID
2132,2,23,31,25103,35529,1,FEASIBLE,WORSE
2133,2,23,32,25181,35277,1,FEASIBLE,WORSE
2134,2,23,33,25214,35597,1,FEASIBLE,WORSE
2135,2,23,34,25801,36322,0,CAPACITY_EXCEEDED,INVALID
2136,2,23,35,25773,36244,0,CAPACITY_EXCEEDED,INVALID
2137,2,23,36,25128,35232,1,FEASIBLE,WORSE
2138,2,23,37,25466,35690,1,FEASIBLE,WORSE
2139,2,23,38,26301,36373,0,CAPACITY_EXCEEDED,INVALID
2140,2,23,39,24866,35232,1,FEASIBLE,WORSE
2141,2,23,40,24963,35600,1,FEASIBLE,WORSE
2142,2,23,41,25552,35450,1,FEASIBLE,WORSE
2143,2,23,42,25210,35298,1,FEASIBLE,WORSE
2144,2,23,43,25142,35893,1,FEASIBLE,WORSE
2145,2,23,44,25481,35822,1,FEASIBLE,WORSE
2146,2,23,45,24607,35300,1,FEASIBLE,WORSE
2147,2,23,46,26331,36314,0,CAPACITY_EXCEEDED,INVALID
2148,2,23,47,25072,35414,1,FEASIBLE,WORSE
2149,2,23,48,26281,36277,0,CAPACITY_EXCEEDED,INVALID
2150,2,23,49,25374,35488,1,FEASIBLE,WORSE
2151,2,23,50,25345,35476,1,FEASIBLE,WORSE
2152,2,23,51,25049,35229,1,FEASIBLE,WORSE
2153,2,23,52,24831,35335,1,FEASIBLE,WORSE
2154,2,23,53,24927,35675,1,FEASIBLE,WORSE
2155,2,23,54,25568,35981,1,FEASIBLE,WORSE
2156,2,23,55,26189,36330,0,CAPACITY_EXCEEDED,INVALID
2157,2,23,56,26484,36708,0,CAPACITY_EXCEEDED,INVALID
2158,2,23,57,26319,36689,0,CAPACITY_EXCEEDED,INVALID
2159,2,23,58,26503,36251,0,CAPACITY_EXCEEDED,INVALID
2160,2,23,59,24593,35275,1,FEASIBLE,WORSE
2161,2,23,60,25351,35671,1,FEASIBLE,WORSE
2162,2,23,61,25278,35477,1,FEASIBLE,WORSE
2163,2,23,62,26123,36399,0,CAPACITY_EXCEEDED,INVALID
2164,2,23,63,26552,36423,0,CAPACITY_EXCEEDED,INVALID
2165,2,23,64,25945,36191,0,CAPACITY_EXCEEDED,INVALID
2166,2,23,65,26517,36523,0,CAPACITY_EXCEEDED,INVALID
2167,2,23,66,26426,36446,0,CAPACITY_EXCEEDED,INVALID
2168,2,23,67,25058,35755,1,FEASIBLE,WORSE
2169,2,23,68,26201,36556,0,CAPACITY_EXCEEDED,INVALID
2170,2,23,69,24617,35344,1,FEASIBLE,WORSE
2171,2,23,70,24791,35287,1,FEASIBLE,WORSE
2172,2,23,71,25871,36355,0,CAPACITY_EXCEEDED,INVALID
2173,2,23,72,26421,36576,0,CAPACITY_EXCEEDED,INVALID
2174,2,23,73,25379,36012,1,FEASIBLE,WORSE
2175,2,23,74,25205,35515,1,FEASIBLE,WORSE
2176,2,23,75,24616,35204,1,FEASIBLE,WORSE
2177,2,23,76,26423,36381,0,CAPACITY_EXCEEDED,INVALID
2178,2,23,77,25263,35412,1,FEASIBLE,WORSE
2179,2,23,78,25284,35878,1,FEASIBLE,WORSE
2180,2,23,79,26189,36193,0,CAPACITY_EXCEEDED,INVALID
2181,2,23,80,24732,35414,1,FEASIBLE,WORSE
2182,2,23,81,26260,36521,0,CAPACITY_EXCEEDED,INVALID
2183,2,23,82,26512,36350,0,CAPACITY_EXCEEDED,INVALID
2184,2,23,83,26304,36615,0,CAPACITY_EXCEEDED,INVALID
2185,2,23,84,26396,36411,0,CAPACITY_EXCEEDED,INVALID
2186,2,23,85,24970,35768,1,FEASIBLE,WORSE
2187,2,23,86,25212,35732,1,FEASIBLE,WORSE
2188,2,23,87,25147,35761,1,FEASIBLE,WORSE
2189,2,23,88,25085,35590,1,FEASIBLE,WORSE
2190,2,23,89,26104,36468,0,CAPACITY_EXCEEDED,INVALID
2191,2,23,90,26414,36275,0,CAPACITY_EXCEEDED,INVALID
2192,2,23,91,25844,36265,0,CAPACITY_EXCEEDED,INVALID
2193,2,23,92,25506,36072,1,FEASIBLE,WORSE
2194,2,23,93,24841,35658,1,FEASIBLE,WORSE
2195,2,23,94,25304,35818,1,FEASIBLE,WORSE
2196,2,23,95,25155,35371,1,FEASIBLE,WORSE
2197,2,23,96,25457,35674,1,FEASIBLE,WORSE
2198,2,23,97,24745,35470,1,FEASIBLE,WORSE
2199,2,23,98,25301,35198,1,FEASIBLE,WORSE
2200,2,23,99,25867,36242,0,CAPACITY_EXCEEDED,INVALID
2201,2,24,25,25272,36614,1,FEASIBLE,WORSE
2202,2,24,26,25400,36857,1,FEASIBLE,WORSE
2203,2,24,27,25726,36574,1,FEASIBLE,WORSE
2204,2,24,28,25413,36896,1,FEASIBLE,WORSE
2205,2,24,29,25127,36543,1,FEASIBLE,WORSE
2206,2,24,30,26569,37733,0,CAPACITY_EXCEEDED,INVALID
2207,2,24,31,25381,36585,1,FEASIBLE,WORSE
2208,2,24,32,25459,36333,1,FEASIBLE,WORSE
2209,2,24,33,25492,36653,1,FEASIBLE,WORSE
2210,2,24,34,26079,37378,0,CAPACITY_EXCEEDED,INVALID
2211,2,24,35,26051,37300,0,CAPACITY_EXCEEDED,INVALID
2212,2,24,36,25406,36288,1,FEASIBLE,WORSE
2213,2,24,37,25744,36746,1,FEASIBLE,WORSE
2214,2,24,38,26579,37429,0,CAPACITY_EXCEEDED,INVALID
2215,2,24,39,25144,36288,1,FEASIBLE,WORSE
2216,2,24,40,25241,36656,1,FEASIBLE,WORSE
2217,2,24,41,25830,36506,0,CAPACITY_EXCEEDED,INVALID
2218,2,24,42,25488,36354,1,FEASIBLE,WORSE
2219,2,24,43,25420,36949,1,FEASIBLE,WORSE
2220,2,24,44,25759,36878,0,CAPACITY_EXCEEDED,INVALID
2221,2,24,45,24885,36356,1,FEASIBLE,WORSE
2222,2,24,46,26609,37370,0,CAPACITY_EXCEEDED,INVALID
2223,2,24,47,25350,36470,1,FEASIBLE,WORSE
2224,2,24,48,26559,37333,0,CAPACITY_EXCEEDED,INVALID
2225,2,24,49,25652,36544,1,FEASIBLE,WORSE
2226,2,24,50,25623,36532,1,FEASIBLE,WORSE
2227,2,24,51,25327,36285,1,FEASIBLE,WORSE
2228,2,24,52,25109,36391,1,FEASIBLE,WORSE
2229,2,24,53,25205,36731,1,FEASIBLE,WORSE
2230,2,24,54,25846,37037,0,CAPACITY_EXCEEDED,INVALID
2231,2,24,55,26467,37386,0,CAPACITY_EXCEEDED,INVALID
2232,2,24,56,26762,37764,0,CAPACITY_EXCEEDED,INVALID
2233,2,24,57,26597,37745,0,CAPACITY_EXCEEDED,INVALID
2234,2,24,58,26781,37307,0,CAPACITY_EXCEEDED,INVALID
2235,2,24,59,24871,36331,1,FEASIBLE,WORSE
2236,2,24,60,25629,36727,1,FEASIBLE,WORSE
2237,2,24,61,25556,36533,1,FEASIBLE,WORSE
2238,2,24,62,26401,37455,0,CAPACITY_EXCEEDED,INVALID
2239,2,24,63,26830,37479,0,CAPACITY_EXCEEDED,INVALID
2240,2,24,64,26223,37247,0,CAPACITY_EXCEEDED,INVALID
2241,2,24,65,26795,37579,0,CAPACITY_EXCEEDED,INVALID
2242,2,24,66,26704,37502,0,CAPACITY_EXCEEDED,INVALID
2243,2,24,67,25336,36811,1,FEASIBLE,WORSE
2244,2,24,68,26479,37612,0,CAPACITY_EXCEEDED,INVALID
2245,2,24,69,24895,36400,1,FEASIBLE,WORSE
2246,2,24,70,25069,36343,1,FEASIBLE,WORSE
2247,2,24,71,26149,37411,0,CAPACITY_EXCEEDED,INVALID
2248,2,24,72,26699,37632,0,CAPACITY_EXCEEDED,INVALID
2249,2,24,73,25657,37068,1,FEASIBLE,WORSE
2250,2,24,74,25483,36571,1,FEASIBLE,WORSE
2251,2,24,75,24894,36260,1,FEASIBLE,WORSE
2252,2,24,76,26701,37437,0,CAPACITY_EXCEEDED,INVALID
2253,2,24,77,25541,36468,1,FEASIBLE,WORSE
2254,2,24,78,25562,36934,1,FEASIBLE,WORSE
2255,2,24,79,26467,37249,0,CAPACITY_EXCEEDED,INVALID
2256,2,24,80,25010,36470,1,FEASIBLE,WORSE
2257,2,24,81,26538,37577,0,CAPACITY_EXCEEDED,INVALID
2258,2,24,82,26790,37406,0,CAPACITY_EXCEEDED,INVALID
2259,2,24,83,26582,37671,0,CAPACITY_EXCEEDED,INVALID
2260,2,24,84,26674,37467,0,CAPACITY_EXCEEDED,INVALID
2261,2,24,85,25248,36824,1,FEASIBLE,WORSE
2262,2,24,86,25490,36788,1,FEASIBLE,WORSE
2263,2,24,87,25425,36817,1,FEASIBLE,WORSE
2264,2,24,88,25363,36646,1,FEASIBLE,WORSE
2265,2,24,89,26382,37524,0,CAPACITY_EXCEEDED,INVALID
2266,2,24,90,26692,37331,0,CAPACITY_EXCEEDED,INVALID
2267,2,24,91,26122,37321,0,CAPACITY_EXCEEDED,INVALID
2268,2,24,92,25784,37128,0,CAPACITY_EXCEEDED,INVALID
2269,2,24,93,25119,36714,1,FEASIBLE,WORSE
2270,2,24,94,25582,36874,1,FEASIBLE,WORSE
2271,2,24,95,25433,36427,1,FEASIBLE,WORSE
2272,2,24,96,25735,36730,1,FEASIBLE,WORSE
2273,2,24,97,25023,36526,1,FEASIBLE,WORSE
2274,2,24,98,25579,36254,1,FEASIBLE,WORSE
2275,2,24,99,26145,37298,0,CAPACITY_EXCEEDED,INVALID
2276,2,25,26,24696,36172,1,FEASIBLE,WORSE
2277,2,25,27,25022,35889,1,FEASIBLE,WORSE
2278,2,25,28,24709,36211,1,FEASIBLE,WORSE
2279,2,25,29,24423,35858,1,FEASIBLE,WORSE
2280,2,25,30,25865,37048,0,CAPACITY_EXCEEDED,INVALID
2281,2,25,31,24677,35900,1,FEASIBLE,WORSE
2282,2,25,32,24755,35648,1,FEASIBLE,WORSE
2283,2,25,33,24788,35968,1,FEASIBLE,WORSE
2284,2,25,34,25375,36693,1,FEASIBLE,WORSE
2285,2,25,35,25347,36615,1,FEASIBLE,WORSE
2286,2,25,36,24702,35603,1,FEASIBLE,WORSE
2287,2,25,37,25040,36061,1,FEASIBLE,WORSE
2288,2,25,38,25875,36744,0,CAPACITY_EXCEEDED,INVALID
2289,2,25,39,24440,35603,1,FEASIBLE,WORSE
2290,2,25,40,24537,35971,1,FEASIBLE,WORSE
2291,2,25,41,25126,35821,1,FEASIBLE,WORSE
2292,2,25,42,24784,35669,1,FEASIBLE,WORSE
2293,2,25,43,24716,36264,1,FEASIBLE,WORSE
2294,2,25,44,25055,36193,1,FEASIBLE,WORSE
2295,2,25,45,24181,35671,1,FEASIBLE,WORSE
2296,2,25,46,25905,36685,0,CAPACITY_EXCEEDED,INVALID
2297,2,25,47,24646,35785,1,FEASIBLE,WORSE
2298,2,25,48,25855,36648,0,CAPACITY_EXCEEDED,INVALID
2299,2,25,49,24948,35859,1,FEASIBLE,WORSE
2300,2,25,50,24919,35847,1,FEASIBLE,WORSE
2301,2,25,51,24623,35600,1,FEASIBLE,WORSE
2302,2,25,52,24405,35706,1,FEASIBLE,WORSE
2303,2,25,53,24501,36046,1,FEASIBLE,WORSE
2304,2,25,54,25142,36352,1,FEASIBLE,WORSE
2305,2,25,55,25763,36701,0,CAPACITY_EXCEEDED,INVALID
2306,2,25,56,26058,37079,0,CAPACITY_EXCEEDED,INVALID
2307,2,25,57,25893,37060,0,CAPACITY_EXCEEDED,INVALID
2308,2,25,58,26077,36622,0,CAPACITY_EXCEEDED,INVALID
2309,2,25,59,24167,35646,1,FEASIBLE,WORSE
2310,2,25,60,24925,36042,1,FEASIBLE,WORSE
2311,2,25,61,24852,35848,1,FEASIBLE,WORSE
2312,2,25,62,25697,36770,1,FEASIBLE,WORSE
2313,2,25,63,26126,36794,0,CAPACITY_EXCEEDED,INVALID
2314,2,25,64,25519,36562,1,FEASIBLE,WORSE
2315,2,25,65,26091,36894,0,CAPACITY_EXCEEDED,INVALID
2316,2,25,66,26000,36817,0,CAPACITY_EXCEEDED,INVALID
2317,2,25,67,24632,36126,1,FEASIBLE,WORSE
2318,2,25,68,25775,36927,0,CAPACITY_EXCEEDED,INVALID
2319,2,25,69,24191,35715,1,FEASIBLE,WORSE
2320,2,25,70,24365,35658,1,FEASIBLE,WORSE
2321,2,25,71,25445,36726,1,FEASIBLE,WORSE
2322,2,25,72,25995,36947,0,CAPACITY_EXCEEDED,INVALID
2323,2,25,73,24953,36383,1,FEASIBLE,WORSE
2324,2,25,74,24779,35886,1,FEASIBLE,WORSE
2325,2,25,75,24190,35575,1,FEASIBLE,WORSE
2326,2,25,76,25997,36752,0,CAPACITY_EXCEEDED,INVALID
2327,2,25,77,24837,35783,1,FEASIBLE,WORSE
2328,2,25,78,24858,36249,1,FEASIBLE,WORSE
2329,2,25,79,25763,36564,0,CAPACITY_EXCEEDED,INVALID
2330,2,25,80,24306,35785,1,FEASIBLE,WORSE
2331,2,25,81,25834,36892,0,CAPACITY_EXCEEDED,INVALID
2332,2,25,82,26086,36721,0,CAPACITY_EXCEEDED,INVALID
2333,2,25,83,25878,36986,0,CAPACITY_EXCEEDED,INVALID
2334,2,25,84,25970,36782,0,CAPACITY_EXCEEDED,INVALID
2335,2,25,85,24544,36139,1,FEASIBLE,WORSE
2336,2,25,86,24786,36103,1,FEASIBLE,WORSE
2337,2,25,87,24721,36132,1,FEASIBLE,WORSE
2338,2,25,88,24659,35961,1,FEASIBLE,WORSE
2339,2,25,89,25678,36839,1,FEASIBLE,WORSE
2340,2,25,90,25988,36646,0,CAPACITY_EXCEEDED,INVALID
2341,2,25,91,25418,36636,1,FEASIBLE,WORSE
2342,2,25,92,25080,36443,1,FEASIBLE,WORSE
2343,2,25,93,24415,36029,1,FEASIBLE,WORSE
2344,2,25,94,24878,36189,1,FEASIBLE,WORSE
2345,2,25,95,24729,35742,1,FEASIBLE,WORSE
2346,2,25,96,25031,36045,1,FEASIBLE,WORSE
2347,2,25,97,24319,35841,1,FEASIBLE,WORSE
2348,2,25,98,24875,35569,1,FEASIBLE,WORSE
2349,2,25,99,25441,36613,1,FEASIBLE,WORSE
2350,2,26,27,25150,36132,1,FEASIBLE,WORSE
2351,2,26,28,24837,36454,1,FEASIBLE,WORSE
2352,2,26,29,24551,36101,1,FEASIBLE,WORSE
2353,2,26,30,25993,37291,0,CAPACITY_EXCEEDED,INVALID
2354,2,26,31,24805,36143,1,FEASIBLE,WORSE
2355,2,26,32,24883,35891,1,FEASIBLE,WORSE
2356,2,26,33,24916,36211,1,FEASIBLE,WORSE
2357,2,26,34,25503,36936,1,FEASIBLE,WORSE
2358,2,26,35,25475,36858,1,FEASIBLE,WORSE
2359,2,26,36,24830,35846,1,FEASIBLE,WORSE
2360,2,26,37,25168,36304,1,FEASIBLE,WORSE
2361,2,26,38,26003,36987,0,CAPACITY_EXCEEDED,INVALID
2362,2,26,39,24568,35846,1,FEASIBLE,WORSE
2363,2,26,40,24665,36214,1,FEASIBLE,WORSE
2364,2,26,41,25254,36064,1,FEASIBLE,WORSE
2365,2,26,42,24912,35912,1,FEASIBLE,WORSE
2366,2,26,43,24844,36507,1,FEASIBLE,WORSE
2367,2,26,44,25183,36436,1,FEASIBLE,WORSE
2368,2,26,45,24309,35914,1,FEASIBLE,WORSE
2369,2,26,46,26033,36928,0,CAPACITY_EXCEEDED,INVALID
2370,2,26,47,24774,36028,1,FEASIBLE,WORSE
2371,2,26,48,25983,36891,0,CAPACITY_EXCEEDED,INVALID
2372,2,26,49,25076,36102,1,FEASIBLE,WORSE
2373,2,26,50,25047,36090,1,FEASIBLE,WORSE
2374,2,26,51,24751,35843,1,FEASIBLE,WORSE
2375,2,26,52,24533,35949,1,FEASIBLE,WORSE
2376,2,26,53,24629,36289,1,FEASIBLE,WORSE
2377,2,26,54,25270,36595,1,FEASIBLE,WORSE
2378,2,26,55,25891,36944,0,CAPACITY_EXCEEDED,INVALID
2379,2,26,56,26186,37322,0,CAPACITY_EXCEEDED,INVALID
2380,2,26,57,26021,37303,0,CAPACITY_EXCEEDED,INVALID
2381,2,26,58,26205,36865,0,CAPACITY_EXCEEDED,INVALID
2382,2,26,59,24295,35889,1,FEASIBLE,WORSE
2383,2,26,60,25053,36285,1,FEASIBLE,WORSE
2384,2,26,61,24980,36091,1,FEASIBLE,WORSE
2385,2,26,62,25825,37013,0,CAPACITY_EXCEEDED,INVALID
2386,2,26,63,26254,37037,0,CAPACITY_EXCEEDED,INVALID
2387,2,26,64,25647,36805,1,FEASIBLE,WORSE
2388,2,26,65,26219,37137,0,CAPACITY_EXCEEDED,INVALID
2389,2,26,66,26128,37060,0,CAPACITY_EXCEEDED,INVALID
2390,2,26,67,24760,36369,1,FEASIBLE,WORSE
2391,2,26,68,25903,37170,0,CAPACITY_EXCEEDED,INVALID
2392,2,26,69,24319,35958,1,FEASIBLE,WORSE
2393,2,26,70,24493,35901,1,FEASIBLE,WORSE
2394,2,26,71,25573,36969,1,FEASIBLE,WORSE
2395,2,26,72,26123,37190,0,CAPACITY_EXCEEDED,INVALID
2396,2,26,73,25081,36626,1,FEASIBLE,WORSE
2397,2,26,74,24907,36129,1,FEASIBLE,WORSE
2398,2,26,75,24318,35818,1,FEASIBLE,WORSE
2399,2,26,76,26125,36995,0,CAPACITY_EXCEEDED,INVALID
2400,2,26,77,24965,36026,1,FEASIBLE,WORSE
2401,2,26,78,24986,36492,1,FEASIBLE,WORSE
2402,2,26,79,25891,36807,0,CAPACITY_EXCEEDED,INVALID
2403,2,26,80,24434,36028,1,FEASIBLE,WORSE
2404,2,26,81,25962,37135,0,CAPACITY_EXCEEDED,INVALID
2405,2,26,82,26214,36964,0,CAPACITY_EXCEEDED,INVALID
2406,2,26,83,26006,37229,0,CAPACITY_EXCEEDED,INVALID
2407,2,26,84,26098,37025,0,CAPACITY_EXCEEDED,INVALID
2408,2,26,85,24672,36382,1,FEASIBLE,WORSE
2409,2,26,86,24914,36346,1,FEASIBLE,WORSE
2410,2,26,87,24849,36375,1,FEASIBLE,WORSE
2411,2,26,88,24787,36204,1,FEASIBLE,WORSE
2412,2,26,89,25806,37082,0,CAPACITY_EXCEEDED,INVALID
2413,2,26,90,26116,36889,0,CAPACITY_EXCEEDED,INVALID
2414,2,26,91,25546,36879,1,FEASIBLE,WORSE
2415,2,26,92,25208,36686,1,FEASIBLE,WORSE
2416,2,26,93,24543,36272,1,FEASIBLE,WORSE
2417,2,26,94,25006,36432,1,FEASIBLE,WORSE
2418,2,26,95,24857,35985,1,FEASIBLE,WORSE
2419,2,26,96,25159,36288,1,FEASIBLE,WORSE
2420,2,26,97,24447,36084,1,FEASIBLE,WORSE
2421,2,26,98,25003,35812,1,FEASIBLE,WORSE
2422,2,26,99,25569,36856,1,FEASIBLE,WORSE
2423,2,27,28,25163,36171,1,FEASIBLE,WORSE
2424,2,27,29,24877,35818,1,FEASIBLE,WORSE
2425,2,27,30,26319,37008,0,CAPACITY_EXCEEDED,INVALID
2426,2,27,31,25131,35860,1,FEASIBLE,WORSE
2427,2,27,32,25209,35608,1,FEASIBLE,WORSE
2428,2,27,33,25242,35928,1,FEASIBLE,WORSE
2429,2,27,34,25829,36653,0,CAPACITY_EXCEEDED,INVALID
2430,2,27,35,25801,36575,0,CAPACITY_EXCEEDED,INVALID
2431,2,27,36,25156,35563,1,FEASIBLE,WORSE
2432,2,27,37,25494,36021,1,FEASIBLE,WORSE
2433,2,27,38,26329,36704,0,CAPACITY_EXCEEDED,INVALID
2434,2,27,39,24894,35563,1,FEASIBLE,WORSE
2435,2,27,40,24991,35931,1,FEASIBLE,WORSE
2436,2,27,41,25580,35781,1,FEASIBLE,WORSE
2437,2,27,42,25238,35629,1,FEASIBLE,WORSE
2438,2,27,43,25170,36224,1,FEASIBLE,WORSE
2439,2,27,44,25509,36153,1,FEASIBLE,WORSE
2440,2,27,45,24635,35631,1,FEASIBLE,WORSE
2441,2,27,46,26359,36645,0,CAPACITY_EXCEEDED,INVALID
2442,2,27,47,25100,35745,1,FEASIBLE,WORSE
2443,2,27,48,26309,36608,0,CAPACITY_EXCEEDED,INVALID
2444,2,27,49,25402,35819,1,FEASIBLE,WORSE
2445,2,27,50,25373,35807,1,FEASIBLE,WORSE
2446,2,27,51,25077,35560,1,FEASIBLE,WORSE
2447,2,27,52,24859,35666,1,FEASIBLE,WORSE
2448,2,27,53,24955,36006,1,FEASIBLE,WORSE
2449,2,27,54,25596,36312,1,FEASIBLE,WORSE
2450,2,27,55,26217,36661,0,CAPACITY_EXCEEDED,INVALID
2451,2,27,56,26512,37039,0,CAPACITY_EXCEEDED,INVALID
2452,2,27,57,26347,37020,0,CAPACITY_EXCEEDED,INVALID
2453,2,27,58,26531,36582,0,CAPACITY_EXCEEDED,INVALID
2454,2,27,59,24621,35606,1,FEASIBLE,WORSE
2455,2,27,60,25379,36002,1,FEASIBLE,WORSE
2456,2,27,61,25306,35808,1,FEASIBLE,WORSE
2457,2,27,62,26151,36730,0,CAPACITY_EXCEEDED,INVALID
2458,2,27,63,26580,36754,0,CAPACITY_EXCEEDED,INVALID
2459,2,27,64,25973,36522,0,CAPACITY_EXCEEDED,INVALID
2460,2,27,65,26545,36854,0,CAPACITY_EXCEEDED,INVALID
2461,2,27,66,26454,36777,0,CAPACITY_EXCEEDED,INVALID
2462,2,27,67,25086,36086,1,FEASIBLE,WORSE
2463,2,27,68,26229,36887,0,CAPACITY_EXCEEDED,INVALID
2464,2,27,69,24645,35675,1,FEASIBLE,WORSE
2465,2,27,70,24819,35618,1,FEASIBLE,WORSE
2466,2,27,71,25899,36686,0,CAPACITY_EXCEEDED,INVALID
2467,2,27,72,26449,36907,0,CAPACITY_EXCEEDED,INVALID
2468,2,27,73,25407,36343,1,FEASIBLE,WORSE
2469,2,27,74,25233,35846,1,FEASIBLE,WORSE
2470,2,27,75,24644,35535,1,FEASIBLE,WORSE
2471,2,27,76,26451,36712,0,CAPACITY_EXCEEDED,INVALID
2472,2,27,77,25291,35743,1,FEASIBLE,WORSE
2473,2,27,78,25312,36209,1,FEASIBLE,WORSE
2474,2,27,79,26217,36524,0,CAPACITY_EXCEEDED,INVALID
2475,2,27,80,24760,35745,1,FEASIBLE,WORSE
2476,2,27,81,26288,36852,0,CAPACITY_EXCEEDED,INVALID
2477,2,27,82,26540,36681,0,CAPACITY_EXCEEDED,INVALID
2478,2,27,83,26332,36946,0,CAPACITY_EXCEEDED,INVALID
2479,2,27,84,26424,36742,0,CAPACITY_EXCEEDED,INVALID
2480,2,27,85,24998,36099,1,FEASIBLE,WORSE
2481,2,27,86,25240,36063,1,FEASIBLE,WORSE
2482,2,27,87,25175,36092,1,FEASIBLE,WORSE
2483,2,27,88,25113,35921,1,FEASIBLE,WORSE
2484,2,27,89,26132,36799,0,CAPACITY_EXCEEDED,INVALID
2485,2,27,90,26442,36606,0,CAPACITY_EXCEEDED,INVALID
2486,2,27,91,25872,36596,0,CAPACITY_EXCEEDED,INVALID
2487,2,27,92,25534,36403,1,FEASIBLE,WORSE
2488,2,27,93,24869,35989,1,FEASIBLE,WORSE
2489,2,27,94,25332,36149,1,FEASIBLE,WORSE
2490,2,27,95,25183,35702,1,FEASIBLE,WORSE
2491,2,27,96,25485,36005,1,FEASIBLE,WORSE
2492,2,27,97,24773,35801,1,FEASIBLE,WORSE
2493,2,27,98,25329,35529,1,FEASIBLE,WORSE
2494,2,27,99,25895,36573,0,CAPACITY_EXCEEDED,INVALID
2495,2,28,29,24564,36140,1,FEASIBLE,WORSE
2496,2,28,30,26006,37330,0,CAPACITY_EXCEEDED,INVALID
2497,2,28,31,24818,36182,1,FEASIBLE,WORSE
2498,2,28,32,24896,35930,1,FEASIBLE,WORSE
2499,2,28,33,24929,36250,1,FEASIBLE,WORSE
2500,2,28,34,25516,36975,1,FEASIBLE,WORSE
2501,2,28,35,25488,36897,1,FEASIBLE,WORSE
2502,2,28,36,24843,35885,1,FEASIBLE,WORSE
2503,2,28,37,25181,36343,1,FEASIBLE,WORSE
2504,2,28,38,26016,37026,0,CAPACITY_EXCEEDED,INVALID
2505,2,28,39,24581,35885,1,FEASIBLE,WORSE
2506,2,28,40,24678,36253,1,FEASIBLE,WORSE
2507,2,28,41,25267,36103,1,FEASIBLE,WORSE
2508,2,28,42,24925,35951,1,FEASIBLE,WORSE
2509,2,28,43,24857,36546,1,FEASIBLE,WORSE
2510,2,28,44,25196,36475,1,FEASIBLE,WORSE
2511,2,28,45,24322,35953,1,FEASIBLE,WORSE
2512,2,28,46,26046,36967,0,CAPACITY_EXCEEDED,INVALID
2513,2,28,47,24787,36067,1,FEASIBLE,WORSE
2514,2,28,48,25996,36930,0,CAPACITY_EXCEEDED,INVALID
2515,2,28,49,25089,36141,1,FEASIBLE,WORSE
2516,2,28,50,25060,36129,1,FEASIBLE,WORSE
2517,2,28,51,24764,35882,1,FEASIBLE,WORSE
2518,2,28,52,24546,35988,1,FEASIBLE,WORSE
2519,2,28,53,24642,36328,1,FEASIBLE,WORSE
2520,2,28,54,25283,36634,1,FEASIBLE,WORSE
2521,2,28,55,25904,36983,0,CAPACITY_EXCEEDED,INVALID
2522,2,28,56,26199,37361,0,CAPACITY_EXCEEDED,INVALID
2523,2,28,57,26034,37342,0,CAPACITY_EXCEEDED,INVALID
2524,2,28,58,26218,36904,0,CAPACITY_EXCEEDED,INVALID
2525,2,28,59,24308,35928,1,FEASIBLE,WORSE
2526,2,28,60,25066,36324,1,FEASIBLE,WORSE
2527,2,28,61,24993,36130,1,FEASIBLE,WORSE
2528,2,28,62,25838,37052,0,CAPACITY_EXCEEDED,INVALID
2529,2,28,63,26267,37076,0,CAPACITY_EXCEEDED,INVALID
2530,2,28,64,25660,36844,1,FEASIBLE,WORSE
2531,2,28,65,26232,37176,0,CAPACITY_EXCEEDED,INVALID
2532,2,28,66,26141,37099,0,CAPACITY_EXCEEDED,INVALID
2533,2,28,67,24773,36408,1,FEASIBLE,WORSE
2534,2,28,68,25916,37209,0,CAPACITY_EXCEEDED,INVALID
2535,2,28,69,24332,35997,1,FEASIBLE,WORSE
2536,2,28,70,24506,35940,1,FEASIBLE,WORSE
2537,2,28,71,25586,37008,1,FEASIBLE,WORSE
2538,2,28,72,26136,37229,0,CAPACITY_EXCEEDED,INVALID
2539,2,28,73,25094,36665,1,FEASIBLE,WORSE
2540,2,28,74,24920,36168,1,FEASIBLE,WORSE
2541,2,28,75,24331,35857,1,FEASIBLE,WORSE
2542,2,28,76,26138,37034,0,CAPACITY_EXCEEDED,INVALID
2543,2,28,77,24978,36065,1,FEASIBLE,WORSE
2544,2,28,78,24999,36531,1,FEASIBLE,WORSE
2545,2,28,79,25904,36846,0,CAPACITY_EXCEEDED,INVALID
2546,2,28,80,24447,36067,1,FEASIBLE,WORSE
2547,2,28,81,25975,37174,0,CAPACITY_EXCEEDED,INVALID
2548,2,28,82,26227,37003,0,CAPACITY_EXCEEDED,INVALID
2549,2,28,83,26019,37268,0,CAPACITY_EXCEEDED,INVALID
2550,2,28,84,26111,37064,0,CAPACITY_EXCEEDED,INVALID
2551,2,28,85,24685,36421,1,FEASIBLE,WORSE
2552,2,28,86,24927,36385,1,FEASIBLE,WORSE
2553,2,28,87,24862,36414,1,FEASIBLE,WORSE
2554,2,28,88,24800,36243,1,FEASIBLE,WORSE
2555,2,28,89,25819,37121,0,CAPACITY_EXCEEDED,INVALID
2556,2,28,90,26129,36928,0,CAPACITY_EXCEEDED,INVALID
2557,2,28,91,25559,36918,1,FEASIBLE,WORSE
2558,2,28,92,25221,36725,1,FEASIBLE,WORSE
2559,2,28,93,24556,36311,1,FEASIBLE,WORSE
2560,2,28,94,25019,36471,1,FEASIBLE,WORSE
2561,2,28,95,24870,36024,1,FEASIBLE,WORSE
2562,2,28,96,25172,36327,1,FEASIBLE,WORSE
2563,2,28,97,24460,36123,1,FEASIBLE,WORSE
2564,2,28,98,25016,35851,1,FEASIBLE,WORSE
2565,2,28,99,25582,36895,1,FEASIBLE,WORSE
2566,2,29,30,25720,36977,1,FEASIBLE,WORSE
2567,2,29,31,24532,35829,1,FEASIBLE,WORSE
2568,2,29,32,24610,35577,1,FEASIBLE,WORSE
2569,2,29,33,24643,35897,1,FEASIBLE,WORSE
2570,2,29,34,25230,36622,1,FEASIBLE,WORSE
2571,2,29,35,25202,36544,1,FEASIBLE,WORSE
2572,2,29,36,24557,35532,1,FEASIBLE,WORSE
2573,2,29,37,24895,35990,1,FEASIBLE,WORSE
2574,2,29,38,25730,36673,1,FEASIBLE,WORSE
2575,2,29,39,24295,35532,1,FEASIBLE,WORSE
2576,2,29,40,24392,35900,1,FEASIBLE,WORSE
2577,2,29,41,24981,35750,1,FEASIBLE,WORSE
2578,2,29,42,24639,35598,1,FEASIBLE,WORSE
2579,2,29,43,24571,36193,1,FEASIBLE,WORSE
2580,2,29,44,24910,36122,1,FEASIBLE,WORSE
2581,2,29,45,24036,35600,1,FEASIBLE,WORSE
2582,2,29,46,25760,36614,0,CAPACITY_EXCEEDED,INVALID
2583,2,29,47,24501,35714,1,FEASIBLE,WORSE
2584,2,29,48,25710,36577,1,FEASIBLE,WORSE
2585,2,29,49,24803,35788,1,FEASIBLE,WORSE
2586,2,29,50,24774,35776,1,FEASIBLE,WORSE
2587,2,29,51,24478,35529,1,FEASIBLE,WORSE
2588,2,29,52,24260,35635,1,FEASIBLE,WORSE
2589,2,29,53,24356,35975,1,FEASIBLE,WORSE
2590,2,29,54,24997,36281,1,FEASIBLE,WORSE
2591,2,29,55,25618,36630,1,FEASIBLE,WORSE
2592,2,29,56,25913,37008,0,CAPACITY_EXCEEDED,INVALID
2593,2,29,57,25748,36989,1,FEASIBLE,WORSE
2594,2,29,58,25932,36551,0,CAPACITY_EXCEEDED,INVALID
2595,2,29,59,24022,35575,1,FEASIBLE,WORSE
2596,2,29,60,24780,35971,1,FEASIBLE,WORSE
2597,2,29,61,24707,35777,1,FEASIBLE,WORSE
2598,2,29,62,25552,36699,1,FEASIBLE,WORSE
2599,2,29,63,25981,36723,0,CAPACITY_EXCEEDED,INVALID
2600,2,29,64,25374,36491,1,FEASIBLE,WORSE
2601,2,29,65,25946,36823,0,CAPACITY_EXCEEDED,INVALID
2602,2,29,66,25855,36746,0,CAPACITY_EXCEEDED,INVALID
2603,2,29,67,24487,36055,1,FEASIBLE,WORSE
2604,2,29,68,25630,36856,1,FEASIBLE,WORSE
2605,2,29,69,24046,35644,1,FEASIBLE,WORSE
2606,2,29,70,24220,35587,1,FEASIBLE,WORSE
2607,2,29,71,25300,36655,1,FEASIBLE,WORSE
2608,2,29,72,25850,36876,0,CAPACITY_EXCEEDED,INVALID
2609,2,29,73,24808,36312,1,FEASIBLE,WORSE
2610,2,29,74,24634,35815,1,FEASIBLE,WORSE
2611,2,29,75,24045,35504,1,FEASIBLE,WORSE
2612,2,29,76,25852,36681,0,CAPACITY_EXCEEDED,INVALID
2613,2,29,77,24692,35712,1,FEASIBLE,WORSE
2614,2,29,78,24713,36178,1,FEASIBLE,WORSE
2615,2,29,79,25618,36493,1,FEASIBLE,WORSE
2616,2,29,80,24161,35714,1,FEASIBLE,WORSE
2617,2,29,81,25689,36821,1,FEASIBLE,WORSE
2618,2,29,82,25941,36650,0,CAPACITY_EXCEEDED,INVALID
2619,2,29,83,25733,36915,1,FEASIBLE,WORSE
2620,2,29,84,25825,36711,0,CAPACITY_EXCEEDED,INVALID
2621,2,29,85,24399,36068,1,FEASIBLE,WORSE
2622,2,29,86,24641,36032,1,FEASIBLE,WORSE
2623,2,29,87,24576,36061,1,FEASIBLE,WORSE
2624,2,29,88,24514,35890,1,FEASIBLE,WORSE
2625,2,29,89,25533,36768,1,FEASIBLE,WORSE
2626,2,29,90,25843,36575,0,CAPACITY_EXCEEDED,INVALID
2627,2,29,91,25273,36565,1,FEASIBLE,WORSE
2628,2,29,92,24935,36372,1,FEASIBLE,WORSE
2629,2,29,93,24270,35958,1,FEASIBLE,WORSE
2630,2,29,94,24733,36118,1,FEASIBLE,WORSE
2631,2,29,95,24584,35671,1,FEASIBLE,WORSE
2632,2,29,96,24886,35974,1,FEASIBLE,WORSE
2633,2,29,97,24174,35770,1,FEASIBLE,WORSE
2634,2,29,98,24730,35498,1,FEASIBLE,WORSE
2635,2,29,99,25296,36542,1,FEASIBLE,WORSE
2636,2,30,31,25974,37019,0,CAPACITY_EXCEEDED,INVALID
2637,2,30,32,26052,36767,0,CAPACITY_EXCEEDED,INVALID
2638,2,30,33,26085,37087,0,CAPACITY_EXCEEDED,INVALID
2639,2,30,34,26672,37812,0,CAPACITY_EXCEEDED,INVALID
2640,2,30,35,26644,37734,0,CAPACITY_EXCEEDED,INVALID
2641,2,30,36,25999,36722,0,CAPACITY_EXCEEDED,INVALID
2642,2,30,37,26337,37180,0,CAPACITY_EXCEEDED,INVALID
2643,2,30,38,27172,37863,0,CAPACITY_EXCEEDED,INVALID
2644,2,30,39,25737,36722,1,FEASIBLE,WORSE
2645,2,30,40,25834,37090,0,CAPACITY_EXCEEDED,INVALID
2646,2,30,41,26423,36940,0,CAPACITY_EXCEEDED,INVALID
2647,2,30,42,26081,36788,0,CAPACITY_EXCEEDED,INVALID
2648,2,30,43,26013,37383,0,CAPACITY_EXCEEDED,INVALID
2649,2,30,44,26352,37312,0,CAPACITY_EXCEEDED,INVALID
2650,2,30,45,25478,36790,1,FEASIBLE,WORSE
2651,2,30,46,27202,37804,0,CAPACITY_EXCEEDED,INVALID
2652,2,30,47,25943,36904,0,CAPACITY_EXCEEDED,INVALID
2653,2,30,48,27152,37767,0,CAPACITY_EXCEEDED,INVALID
2654,2,30,49,26245,36978,0,CAPACITY_EXCEEDED,INVALID
2655,2,30,50,26216,36966,0,CAPACITY_EXCEEDED,INVALID
2656,2,30,51,25920,36719,0,CAPACITY_EXCEEDED,INVALID
2657,2,30,52,25702,36825,1,FEASIBLE,WORSE
2658,2,30,53,25798,37165,0,CAPACITY_EXCEEDED,INVALID
2659,2,30,54,26439,37471,0,CAPACITY_EXCEEDED,INVALID
2660,2,30,55,27060,37820,0,CAPACITY_EXCEEDED,INVALID
2661,2,30,56,27355,38198,0,CAPACITY_EXCEEDED,INVALID
2662,2,30,57,27190,38179,0,CAPACITY_EXCEEDED,INVALID
2663,2,30,58,27374,37741,0,CAPACITY_EXCEEDED,INVALID
2664,2,30,59,25464,36765,1,FEASIBLE,WORSE
2665,2,30,60,26222,37161,0,CAPACITY_EXCEEDED,INVALID
2666,2,30,61,26149,36967,0,CAPACITY_EXCEEDED,INVALID
2667,2,30,62,26994,37889,0,CAPACITY_EXCEEDED,INVALID
2668,2,30,63,27423,37913,0,CAPACITY_EXCEEDED,INVALID
2669,2,30,64,26816,37681,0,CAPACITY_EXCEEDED,INVALID
2670,2,30,65,27388,38013,0,CAPACITY_EXCEEDED,INVALID
2671,2,30,66,27297,37936,0,CAPACITY_EXCEEDED,INVALID
2672,2,30,67,25929,37245,0,CAPACITY_EXCEEDED,INVALID
2673,2,30,68,27072,38046,0,CAPACITY_EXCEEDED,INVALID
2674,2,30,69,25488,36834,1,FEASIBLE,WORSE
2675,2,30,70,25662,36777,1,FEASIBLE,WORSE
2676,2,30,71,26742,37845,0,CAPACITY_EXCEEDED,INVALID
2677,2,30,72,27292,38066,0,CAPACITY_EXCEEDED,INVALID
2678,2,30,73,26250,37502,0,CAPACITY_EXCEEDED,INVALID
2679,2,30,74,26076,37005,0,CAPACITY_EXCEEDED,INVALID
2680,2,30,75,25487,36694,1,FEASIBLE,WORSE
2681,2,30,76,27294,37871,0,CAPACITY_EXCEEDED,INVALID
2682,2,30,77,26134,36902,0,CAPACITY_EXCEEDED,INVALID
2683,2,30,78,26155,37368,0,CAPACITY_EXCEEDED,INVALID
2684,2,30,79,27060,37683,0,CAPACITY_EXCEEDED,INVALID
2685,2,30,80,25603,36904,1,FEASIBLE,WORSE
2686,2,30,81,27131,38011,0,CAPACITY_EXCEEDED,INVALID
2687,2,30,82,27383,37840,0,CAPACITY_EXCEEDED,INVALID
2688,2,30,83,27175,38105,0,CAPACITY_EXCEEDED,INVALID
2689,2,30,84,27267,37901,0,CAPACITY_EXCEEDED,INVALID
2690,2,30,85,25841,37258,0,CAPACITY_EXCEEDED,INVALID
2691,2,30,86,26083,37222,0,CAPACITY_EXCEEDED,INVALID
2692,2,30,87,26018,37251,0,CAPACITY_EXCEEDED,INVALID
2693,2,30,88,25956,37080,0,CAPACITY_EXCEEDED,INVALID
2694,2,30,89,26975,37958,0,CAPACITY_EXCEEDED,INVALID
2695,2,30,90,27285,37765,0,CAPACITY_EXCEEDED,INVALID
2696,2,30,91,26715,37755,0,CAPACITY_EXCEEDED,INVALID
2697,2,30,92,26377,37562,0,CAPACITY_EXCEEDED,INVALID
2698,2,30,93,25712,37148,1,FEASIBLE,WORSE
2699,2,30,94,26175,37308,0,CAPACITY_EXCEEDED,INVALID
2700,2,30,95,26026,36861,0,CAPACITY_EXCEEDED,INVALID
2701,2,30,96,26328,37164,0,CAPACITY_EXCEEDED,INVALID
2702,2,30,97,25616,36960,1,FEASIBLE,WORSE
2703,2,30,98,26172,36688,0,CAPACITY_EXCEEDED,INVALID
2704,2,30,99,26738,37732,0,CAPACITY_EXCEEDED,INVALID
2705,2,31,32,24864,35619,1,FEASIBLE,WORSE
2706,2,31,33,24897,35939,1,FEASIBLE,WORSE
2707,2,31,34,25484,36664,1,FEASIBLE,WORSE
2708,2,31,35,25456,36586,1,FEASIBLE,WORSE
2709,2,31,36,24811,35574,1,FEASIBLE,WORSE
2710,2,31,37,25149,36032,1,FEASIBLE,WORSE
2711,2,31,38,25984,36715,0,CAPACITY_EXCEEDED,INVALID
2712,2,31,39,24549,35574,1,FEASIBLE,WORSE
2713,2,31,40,24646,35942,1,FEASIBLE,WORSE
2714,2,31,41,25235,35792,1,FEASIBLE,WORSE
2715,2,31,42,24893,35640,1,FEASIBLE,WORSE
2716,2,31,43,24825,36235,1,FEASIBLE,WORSE
2717,2,31,44,25164,36164,1,FEASIBLE,WORSE
2718,2,31,45,24290,35642,1,FEASIBLE,WORSE
2719,2,31,46,26014,36656,0,CAPACITY_EXCEEDED,INVALID
2720,2,31,47,24755,35756,1,FEASIBLE,WORSE
2721,2,31,48,25964,36619,0,CAPACITY_EXCEEDED,INVALID
2722,2,31,49,25057,35830,1,FEASIBLE,WORSE
2723,2,31,50,25028,35818,1,FEASIBLE,WORSE
2724,2,31,51,24732,35571,1,FEASIBLE,WORSE
2725,2,31,52,24514,35677,1,FEASIBLE,WORSE
2726,2,31,53,24610,36017,1,FEASIBLE,WORSE
2727,2,31,54,25251,36323,1,FEASIBLE,WORSE
2728,2,31,55,25872,36672,0,CAPACITY_EXCEEDED,INVALID
2729,2,31,56,26167,37050,0,CAPACITY_EXCEEDED,INVALID
2730,2,31,57,26002,37031,0,CAPACITY_EXCEEDED,INVALID
2731,2,31,58,26186,36593,0,CAPACITY_EXCEEDED,INVALID
2732,2,31,59,24276,35617,1,FEASIBLE,WORSE
2733,2,31,60,25034,36013,1,FEASIBLE,WORSE
2734,2,31,61,24961,35819,1,FEASIBLE,WORSE
2735,2,31,62,25806,36741,0,CAPACITY_EXCEEDED,INVALID
2736,2,31,63,26235,36765,0,CAPACITY_EXCEEDED,INVALID
2737,2,31,64,25628,36533,1,FEASIBLE,WORSE
2738,2,31,65,26200,36865,0,CAPACITY_EXCEEDED,INVALID
2739,2,31,66,26109,36788,0,CAPACITY_EXCEEDED,INVALID
2740,2,31,67,24741,36097,1,FEASIBLE,WORSE
2741,2,31,68,25884,36898,0,CAPACITY_EXCEEDED,INVALID
2742,2,31,69,24300,35686,1,FEASIBLE,WORSE
2743,2,31,70,24474,35629,1,FEASIBLE,WORSE
2744,2,31,71,25554,36697,1,FEASIBLE,WORSE
2745,2,31,72,26104,36918,0,CAPACITY_EXCEEDED,INVALID
2746,2,31,73,25062,36354,1,FEASIBLE,WORSE
2747,2,31,74,24888,35857,1,FEASIBLE,WORSE
2748,2,31,75,24299,35546,1,FEASIBLE,WORSE
2749,2,31,76,26106,36723,0,CAPACITY_EXCEEDED,INVALID
2750,2,31,77,24946,35754,1,FEASIBLE,WORSE
2751,2,31,78,24967,36220,1,FEASIBLE,WORSE
2752,2,31,79,25872,36535,0,CAPACITY_EXCEEDED,INVALID
2753,2,31,80,24415,35756,1,FEASIBLE,WORSE
2754,2,31,81,25943,36863,0,CAPACITY_EXCEEDED,INVALID
2755,2,31,82,26195,36692,0,CAPACITY_EXCEEDED,INVALID
2756,2,31,83,25987,36957,0,CAPACITY_EXCEEDED,INVALID
2757,2,31,84,26079,36753,0,CAPACITY_EXCEEDED,INVALID
2758,2,31,85,24653,36110,1,FEASIBLE,WORSE
2759,2,31,86,24895,36074,1,FEASIBLE,WORSE
2760,2,31,87,24830,36103,1,FEASIBLE,WORSE
2761,2,31,88,24768,35932,1,FEASIBLE,WORSE
2762,2,31,89,25787,36810,0,CAPACITY_EXCEEDED,INVALID
2763,2,31,90,26097,36617,0,CAPACITY_EXCEEDED,INVALID
2764,2,31,91,25527,36607,1,FEASIBLE,WORSE
2765,2,31,92,25189,36414,1,FEASIBLE,WORSE
2766,2,31,93,24524,36000,1,FEASIBLE,WORSE
2767,2,31,94,24987,36160,1,FEASIBLE,WORSE
2768,2,31,95,24838,35713,1,FEASIBLE,WORSE
2769,2,31,96,25140,36016,1,FEASIBLE,WORSE
2770,2,31,97,24428,35812,1,FEASIBLE,WORSE
2771,2,31,98,24984,35540,1,FEASIBLE,WORSE
2772,2,31,99,25550,36584,1,FEASIBLE,WORSE
2773,2,32,33,24975,35687,1,FEASIBLE,WORSE
2774,2,32,34,25562,36412,1,FEASIBLE,WORSE
2775,2,32,35,25534,36334,1,FEASIBLE,WORSE
2776,2,32,36,24889,35322,1,FEASIBLE,WORSE
2777,2,32,37,25227,35780,1,FEASIBLE,WORSE
2778,2,32,38,26062,36463,0,CAPACITY_EXCEEDED,INVALID
2779,2,32,39,24627,35322,1,FEASIBLE,WORSE
2780,2,32,40,24724,35690,1,FEASIBLE,WORSE
2781,2,32,41,25313,35540,1,FEASIBLE,WORSE
2782,2,32,42,24971,35388,1,FEASIBLE,WORSE
2783,2,32,43,24903,35983,1,FEASIBLE,WORSE
2784,2,32,44,25242,35912,1,FEASIBLE,WORSE
2785,2,32,45,24368,35390,1,FEASIBLE,WORSE
2786,2,32,46,26092,36404,0,CAPACITY_EXCEEDED,INVALID
2787,2,32,47,24833,35504,1,FEASIBLE,WORSE
2788,2,32,48,26042,36367,0,CAPACITY_EXCEEDED,INVALID
2789,2,32,49,25135,35578,1,FEASIBLE,WORSE
2790,2,32,50,25106,35566,1,FEASIBLE,WORSE
2791,2,32,51,24810,35319,1,FEASIBLE,WORSE
2792,2,32,52,24592,35425,1,FEASIBLE,WORSE
2793,2,32,53,24688,35765,1,FEASIBLE,WORSE
2794,2,32,54,25329,36071,1,FEASIBLE,WORSE
2795,2,32,55,25950,36420,0,CAPACITY_EXCEEDED,INVALID
2796,2,32,56,26245,36798,0,CAPACITY_EXCEEDED,INVALID
2797,2,32,57,26080,36779,0,CAPACITY_EXCEEDED,INVALID
2798,2,32,58,26264,36341,0,CAPACITY_EXCEEDED,INVALID
2799,2,32,59,24354,35365,1,FEASIBLE,WORSE
2800,2,32,60,25112,35761,1,FEASIBLE,WORSE
2801,2,32,61,25039,35567,1,FEASIBLE,WORSE
2802,2,32,62,25884,36489,0,CAPACITY_EXCEEDED,INVALID
2803,2,32,63,26313,36513,0,CAPACITY_EXCEEDED,INVALID
2804,2,32,64,25706,36281,1,FEASIBLE,WORSE
2805,2,32,65,26278,36613,0,CAPACITY_EXCEEDED,INVALID
2806,2,32,66,26187,36536,0,CAPACITY_EXCEEDED,INVALID
2807,2,32,67,24819,35845,1,FEASIBLE,WORSE
2808,2,32,68,25962,36646,0,CAPACITY_EXCEEDED,INVALID
2809,2,32,69,24378,35434,1,FEASIBLE,WORSE
2810,2,32,70,24552,35377,1,FEASIBLE,WORSE
2811,2,32,71,25632,36445,1,FEASIBLE,WORSE
2812,2,32,72,26182,36666,0,CAPACITY_EXCEEDED,INVALID
2813,2,32,73,25140,36102,1,FEASIBLE,WORSE
2814,2,32,74,24966,35605,1,FEASIBLE,WORSE
2815,2,32,75,24377,35294,1,FEASIBLE,WORSE
2816,2,32,76,26184,36471,0,CAPACITY_EXCEEDED,INVALID
2817,2,32,77,25024,35502,1,FEASIBLE,WORSE
2818,2,32,78,25045,35968,1,FEASIBLE,WORSE
2819,2,32,79,25950,36283,0,CAPACITY_EXCEEDED,INVALID
2820,2,32,80,24493,35504,1,FEASIBLE,WORSE
2821,2,32,81,26021,36611,0,CAPACITY_EXCEEDED,INVALID
2822,2,32,82,26273,36440,0,CAPACITY_EXCEEDED,INVALID
2823,2,32,83,26065,36705,0,CAPACITY_EXCEEDED,INVALID
2824,2,32,84,26157,36501,0,CAPACITY_EXCEEDED,INVALID
2825,2,32,85,24731,35858,1,FEASIBLE,WORSE
2826,2,32,86,24973,35822,1,FEASIBLE,WORSE
2827,2,32,87,24908,35851,1,FEASIBLE,WORSE
2828,2,32,88,24846,35680,1,FEASIBLE,WORSE
2829,2,32,89,25865,36558,0,CAPACITY_EXCEEDED,INVALID
2830,2,32,90,26175,36365,0,CAPACITY_EXCEEDED,INVALID
2831,2,32,91,25605,36355,1,FEASIBLE,WORSE
2832,2,32,92,25267,36162,1,FEASIBLE,WORSE
2833,2,32,93,24602,35748,1,FEASIBLE,WORSE
2834,2,32,94,25065,35908,1,FEASIBLE,WORSE
2835,2,32,95,24916,35461,1,FEASIBLE,WORSE
2836,2,32,96,25218,35764,1,FEASIBLE,WORSE
2837,2,32,97,24506,35560,1,FEASIBLE,WORSE
2838,2,32,98,25062,35288,1,FEASIBLE,WORSE
2839,2,32,99,25628,36332,1,FEASIBLE,WORSE
2840,2,33,34,25595,36732,1,FEASIBLE,WORSE
2841,2,33,35,25567,36654,1,FEASIBLE,WORSE
2842,2,33,36,24922,35642,1,FEASIBLE,WORSE
2843,2,33,37,25260,36100,1,FEASIBLE,WORSE
2844,2,33,38,26095,36783,0,CAPACITY_EXCEEDED,INVALID
2845,2,33,39,24660,35642,1,FEASIBLE,WORSE
2846,2,33,40,24757,36010,1,FEASIBLE,WORSE
2847,2,33,41,25346,35860,1,FEASIBLE,WORSE
2848,2,33,42,25004,35708,1,FEASIBLE,WORSE
2849,2,33,43,24936,36303,1,FEASIBLE,WORSE
2850,2,33,44,25275,36232,1,FEASIBLE,WORSE
2851,2,33,45,24401,35710,1,FEASIBLE,WORSE
2852,2,33,46,26125,36724,0,CAPACITY_EXCEEDED,INVALID
2853,2,33,47,24866,35824,1,FEASIBLE,WORSE
2854,2,33,48,26075,36687,0,CAPACITY_EXCEEDED,INVALID
2855,2,33,49,25168,35898,1,FEASIBLE,WORSE
2856,2,33,50,25139,35886,1,FEASIBLE,WORSE
2857,2,33,51,24843,35639,1,FEASIBLE,WORSE
2858,2,33,52,24625,35745,1,FEASIBLE,WORSE
2859,2,33,53,24721,36085,1,FEASIBLE,WORSE
2860,2,33,54,25362,36391,1,FEASIBLE,WORSE
2861,2,33,55,25983,36740,0,CAPACITY_EXCEEDED,INVALID
2862,2,33,56,26278,37118,0,CAPACITY_EXCEEDED,INVALID
2863,2,33,57,26113,37099,0,CAPACITY_EXCEEDED,INVALID
2864,2,33,58,26297,36661,0,CAPACITY_EXCEEDED,INVALID
2865,2,33,59,24387,35685,1,FEASIBLE,WORSE
2866,2,33,60,25145,36081,1,FEASIBLE,WORSE
2867,2,33,61,25072,35887,1,FEASIBLE,WORSE
2868,2,33,62,25917,36809,0,CAPACITY_EXCEEDED,INVALID
2869,2,33,63,26346,36833,0,CAPACITY_EXCEEDED,INVALID
2870,2,33,64,25739,36601,1,FEASIBLE,WORSE
2871,2,33,65,26311,36933,0,CAPACITY_EXCEEDED,INVALID
2872,2,33,66,26220,36856,0,CAPACITY_EXCEEDED,INVALID
2873,2,33,67,24852,36165,1,FEASIBLE,WORSE
2874,2,33,68,25995,36966,0,CAPACITY_EXCEEDED,INVALID
2875,2,33,69,24411,35754,1,FEASIBLE,WORSE
2876,2,33,70,24585,35697,1,FEASIBLE,WORSE
2877,2,33,71,25665,36765,1,FEASIBLE,WORSE
2878,2,33,72,26215,36986,0,CAPACITY_EXCEEDED,INVALID
2879,2,33,73,25173,36422,1,FEASIBLE,WORSE
2880,2,33,74,24999,35925,1,FEASIBLE,WORSE
2881,2,33,75,24410,35614,1,FEASIBLE,WORSE
2882,2,33,76,26217,36791,0,CAPACITY_EXCEEDED,INVALID
2883,2,33,77,25057,35822,1,FEASIBLE,WORSE
2884,2,33,78,25078,36288,1,FEASIBLE,WORSE
2885,2,33,79,25983,36603,0,CAPACITY_EXCEEDED,INVALID
2886,2,33,80,24526,35824,1,FEASIBLE,WORSE
2887,2,33,81,26054,36931,0,CAPACITY_EXCEEDED,INVALID
2888,2,33,82,26306,36760,0,CAPACITY_EXCEEDED,INVALID
2889,2,33,83,26098,37025,0,CAPACITY_EXCEEDED,INVALID
2890,2,33,84,26190,36821,0,CAPACITY_EXCEEDED,INVALID
2891,2,33,85,24764,36178,1,FEASIBLE,WORSE
2892,2,33,86,25006,36142,1,FEASIBLE,WORSE
2893,2,33,87,24941,36171,1,FEASIBLE,WORSE
2894,2,33,88,24879,36000,1,FEASIBLE,WORSE
2895,2,33,89,25898,36878,0,CAPACITY_EXCEEDED,INVALID
2896,2,33,90,26208,36685,0,CAPACITY_EXCEEDED,INVALID
2897,2,33,91,25638,36675,1,FEASIBLE,WORSE
2898,2,33,92,25300,36482,1,FEASIBLE,WORSE
2899,2,33,93,24635,36068,1,FEASIBLE,WORSE
2900,2,33,94,25098,36228,1,FEASIBLE,WORSE
2901,2,33,95,24949,35781,1,FEASIBLE,WORSE
2902,2,33,96,25251,36084,1,FEASIBLE,WORSE
2903,2,33,97,24539,35880,1,FEASIBLE,WORSE
2904,2,33,98,25095,35608,1,FEASIBLE,WORSE
2905,2,33,99,25661,36652,1,FEASIBLE,WORSE
2906,2,34,35,26154,37379,0,CAPACITY_EXCEEDED,INVALID
2907,2,34,36,25509,36367,1,FEASIBLE,WORSE
2908,2,34,37,25847,36825,0,CAPACITY_EXCEEDED,INVALID
2909,2,34,38,26682,37508,0,CAPACITY_EXCEEDED,INVALID
2910,2,34,39,25247,36367,1,FEASIBLE,WORSE
2911,2,34,40,25344,36735,1,FEASIBLE,WORSE
2912,2,34,41,25933,36585,0,CAPACITY_EXCEEDED,INVALID
2913,2,34,42,25591,36433,1,FEASIBLE,WORSE
2914,2,34,43,25523,37028,1,FEASIBLE,WORSE
2915,2,34,44,25862,36957,0,CAPACITY_EXCEEDED,INVALID
2916,2,34,45,24988,36435,1,FEASIBLE,WORSE
2917,2,34,46,26712,37449,0,CAPACITY_EXCEEDED,INVALID
2918,2,34,47,25453,36549,1,FEASIBLE,WORSE
2919,2,34,48,26662,37412,0,CAPACITY_EXCEEDED,INVALID
2920,2,34,49,25755,36623,0,CAPACITY_EXCEEDED,INVALID
2921,2,34,50,25726,36611,1,FEASIBLE,WORSE
2922,2,34,51,25430,36364,1,FEASIBLE,WORSE
2923,2,34,52,25212,36470,1,FEASIBLE,WORSE
2924,2,34,53,25308,36810,1,FEASIBLE,WORSE
2925,2,34,54,25949,37116,0,CAPACITY_EXCEEDED,INVALID
2926,2,34,55,26570,37465,0,CAPACITY_EXCEEDED,INVALID
2927,2,34,56,26865,37843,0,CAPACITY_EXCEEDED,INVALID
2928,2,34,57,26700,37824,0,CAPACITY_EXCEEDED,INVALID
2929,2,34,58,26884,37386,0,CAPACITY_EXCEEDED,INVALID
2930,2,34,59,24974,36410,1,FEASIBLE,WORSE
2931,2,34,60,25732,36806,1,FEASIBLE,WORSE
2932,2,34,61,25659,36612,1,FEASIBLE,WORSE
2933,2,34,62,26504,37534,0,CAPACITY_EXCEEDED,INVALID
2934,2,34,63,26933,37558,0,CAPACITY_EXCEEDED,INVALID
2935,2,34,64,26326,37326,0,CAPACITY_EXCEEDED,INVALID
2936,2,34,65,26898,37658,0,CAPACITY_EXCEEDED,INVALID
2937,2,34,66,26807,37581,0,CAPACITY_EXCEEDED,INVALID
2938,2,34,67,25439,36890,1,FEASIBLE,WORSE
2939,2,34,68,26582,37691,0,CAPACITY_EXCEEDED,INVALID
2940,2,34,69,24998,36479,1,FEASIBLE,WORSE
2941,2,34,70,25172,36422,1,FEASIBLE,WORSE
2942,2,34,71,26252,37490,0,CAPACITY_EXCEEDED,INVALID
2943,2,34,72,26802,37711,0,CAPACITY_EXCEEDED,INVALID
2944,2,34,73,25760,37147,0,CAPACITY_EXCEEDED,INVALID
2945,2,34,74,25586,36650,1,FEASIBLE,WORSE
2946,2,34,75,24997,36339,1,FEASIBLE,WORSE
2947,2,34,76,26804,37516,0,CAPACITY_EXCEEDED,INVALID
2948,2,34,77,25644,36547,1,FEASIBLE,WORSE
2949,2,34,78,25665,37013,1,FEASIBLE,WORSE
2950,2,34,79,26570,37328,0,CAPACITY_EXCEEDED,INVALID
2951,2,34,80,25113,36549,1,FEASIBLE,WORSE
2952,2,34,81,26641,37656,0,CAPACITY_EXCEEDED,INVALID
2953,2,34,82,26893,37485,0,CAPACITY_EXCEEDED,INVALID
2954,2,34,83,26685,37750,0,CAPACITY_EXCEEDED,INVALID
2955,2,34,84,26777,37546,0,CAPACITY_EXCEEDED,INVALID
2956,2,34,85,25351,36903,1,FEASIBLE,WORSE
2957,2,34,86,25593,36867,1,FEASIBLE,WORSE
2958,2,34,87,25528,36896,1,FEASIBLE,WORSE
2959,2,34,88,25466,36725,1,FEASIBLE,WORSE
2960,2,34,89,26485,37603,0,CAPACITY_EXCEEDED,INVALID
2961,2,34,90,26795,37410,0,CAPACITY_EXCEEDED,INVALID
2962,2,34,91,26225,37400,0,CAPACITY_EXCEEDED,INVALID
2963,2,34,92,25887,37207,0,CAPACITY_EXCEEDED,INVALID
2964,2,34,93,25222,36793,1,FEASIBLE,WORSE
2965,2,34,94,25685,36953,1,FEASIBLE,WORSE
2966,2,34,95,25536,36506,1,FEASIBLE,WORSE
2967,2,34,96,25838,36809,0,CAPACITY_EXCEEDED,INVALID
2968,2,34,97,25126,36605,1,FEASIBLE,WORSE
2969,2,34,98,25682,36333,1,FEASIBLE,WORSE
2970,2,34,99,26248,37377,0,CAPACITY_EXCEEDED,INVALID
2971,2,35,36,25481,36289,1,FEASIBLE,WORSE
2972,2,35,37,25819,36747,0,CAPACITY_EXCEEDED,INVALID
2973,2,35,38,26654,37430,0,CAPACITY_EXCEEDED,INVALID
2974,2,35,39,25219,36289,1,FEASIBLE,WORSE
2975,2,35,40,25316,36657,1,FEASIBLE,WORSE
2976,2,35,41,25905,36507,0,CAPACITY_EXCEEDED,INVALID
2977,2,35,42,25563,36355,1,FEASIBLE,WORSE
2978,2,35,43,25495,36950,1,FEASIBLE,WORSE
2979,2,35,44,25834,36879,0,CAPACITY_EXCEEDED,INVALID
2980,2,35,45,24960,36357,1,FEASIBLE,WORSE
2981,2,35,46,26684,37371,0,CAPACITY_EXCEEDED,INVALID
2982,2,35,47,25425,36471,1,FEASIBLE,WORSE
2983,2,35,48,26634,37334,0,CAPACITY_EXCEEDED,INVALID
2984,2,35,49,25727,36545,1,FEASIBLE,WORSE
2985,2,35,50,25698,36533,1,FEASIBLE,WORSE
2986,2,35,51,25402,36286,1,FEASIBLE,WORSE
2987,2,35,52,25184,36392,1,FEASIBLE,WORSE
2988,2,35,53,25280,36732,1,FEASIBLE,WORSE
2989,2,35,54,25921,37038,0,CAPACITY_EXCEEDED,INVALID
2990,2,35,55,26542,37387,0,CAPACITY_EXCEEDED,INVALID
2991,2,35,56,26837,37765,0,CAPACITY_EXCEEDED,INVALID
2992,2,35,57,26672,37746,0,CAPACITY_EXCEEDED,INVALID
2993,2,35,58,26856,37308,0,CAPACITY_EXCEEDED,INVALID
2994,2,35,59,24946,36332,1,FEASIBLE,WORSE
2995,2,35,60,25704,36728,1,FEASIBLE,WORSE
2996,2,35,61,25631,36534,1,FEASIBLE,WORSE
2997,2,35,62,26476,37456,0,CAPACITY_EXCEEDED,INVALID
2998,2,35,63,26905,37480,0,CAPACITY_EXCEEDED,INVALID
2999,2,35,64,26298,37248,0,CAPACITY_EXCEEDED,INVALID
3000,2,35,65,26870,37580,0,CAPACITY_EXCEEDED,INVALID
3001,2,35,66,26779,37503,0,CAPACITY_EXCEEDED,INVALID
3002,2,35,67,25411,36812,1,FEASIBLE,WORSE
3003,2,35,68,26554,37613,0,CAPACITY_EXCEEDED,INVALID
3004,2,35,69,24970,36401,1,FEASIBLE,WORSE
3005,2,35,70,25144,36344,1,FEASIBLE,WORSE
3006,2,35,71,26224,37412,0,CAPACITY_EXCEEDED,INVALID
3007,2,35,72,26774,37633,0,CAPACITY_EXCEEDED,INVALID
3008,2,35,73,25732,37069,1,FEASIBLE,WORSE
3009,2,35,74,25558,36572,1,FEASIBLE,WORSE
3010,2,35,75,24969,36261,1,FEASIBLE,WORSE
3011,2,35,76,26776,37438,0,CAPACITY_EXCEEDED,INVALID
3012,2,35,77,25616,36469,1,FEASIBLE,WORSE
3013,2,35,78,25637,36935,1,FEASIBLE,WORSE
3014,2,35,79,26542,37250,0,CAPACITY_EXCEEDED,INVALID
3015,2,35,80,25085,36471,1,FEASIBLE,WORSE
3016,2,35,81,26613,37578,0,CAPACITY_EXCEEDED,INVALID
3017,2,35,82,26865,37407,0,CAPACITY_EXCEEDED,INVALID
3018,2,35,83,26657,37672,0,CAPACITY_EXCEEDED,INVALID
3019,2,35,84,26749,37468,0,CAPACITY_EXCEEDED,INVALID
3020,2,35,85,25323,36825,1,FEASIBLE,WORSE
3021,2,35,86,25565,36789,1,FEASIBLE,WORSE
3022,2,35,87,25500,36818,1,FEASIBLE,WORSE
3023,2,35,88,25438,36647,1,FEASIBLE,WORSE
3024,2,35,89,26457,37525,0,CAPACITY_EXCEEDED,INVALID
3025,2,35,90,26767,37332,0,CAPACITY_EXCEEDED,INVALID
3026,2,35,91,26197,37322,0,CAPACITY_EXCEEDED,INVALID
3027,2,35,92,25859,37129,0,CAPACITY_EXCEEDED,INVALID
3028,2,35,93,25194,36715,1,FEASIBLE,WORSE
3029,2,35,94,25657,36875,1,FEASIBLE,WORSE
3030,2,35,95,25508,36428,1,FEASIBLE,WORSE
3031,2,35,96,25810,36731,0,CAPACITY_EXCEEDED,INVALID
3032,2,35,97,25098,36527,1,FEASIBLE,WORSE
3033,2,35,98,25654,36255,1,FEASIBLE,WORSE
3034,2,35,99,26220,37299,0,CAPACITY_EXCEEDED,INVALID
3035,2,36,37,25174,35735,1,FEASIBLE,WORSE
3036,2,36,38,26009,36418,0,CAPACITY_EXCEEDED,INVALID
3037,2,36,39,24574,35277,1,FEASIBLE,WORSE
3038,2,36,40,24671,35645,1,FEASIBLE,WORSE
3039,2,36,41,25260,35495,1,FEASIBLE,WORSE
3040,2,36,42,24918,35343,1,FEASIBLE,WORSE
3041,2,36,43,24850,35938,1,FEASIBLE,WORSE
3042,2,36,44,25189,35867,1,FEASIBLE,WORSE
3043,2,36,45,24315,35345,1,FEASIBLE,WORSE
3044,2,36,46,26039,36359,0,CAPACITY_EXCEEDED,INVALID
3045,2,36,47,24780,35459,1,FEASIBLE,WORSE
3046,2,36,48,25989,36322,0,CAPACITY_EXCEEDED,INVALID
3047,2,36,49,25082,35533,1,FEASIBLE,WORSE
3048,2,36,50,25053,35521,1,FEASIBLE,WORSE
3049,2,36,51,24757,35274,1,FEASIBLE,WORSE
3050,2,36,52,24539,35380,1,FEASIBLE,WORSE
3051,2,36,53,24635,35720,1,FEASIBLE,WORSE
3052,2,36,54,25276,36026,1,FEASIBLE,WORSE
3053,2,36,55,25897,36375,0,CAPACITY_EXCEEDED,INVALID
3054,2,36,56,26192,36753,0,CAPACITY_EXCEEDED,INVALID
3055,2,36,57,26027,36734,0,CAPACITY_EXCEEDED,INVALID
3056,2,36,58,26211,36296,0,CAPACITY_EXCEEDED,INVALID
3057,2,36,59,24301,35320,1,FEASIBLE,WORSE
3058,2,36,60,25059,35716,1,FEASIBLE,WORSE
3059,2,36,61,24986,35522,1,FEASIBLE,WORSE
3060,2,36,62,25831,36444,0,CAPACITY_EXCEEDED,INVALID
3061,2,36,63,26260,36468,0,CAPACITY_EXCEEDED,INVALID
3062,2,36,64,25653,36236,1,FEASIBLE,WORSE
3063,2,36,65,26225,36568,0,CAPACITY_EXCEEDED,INVALID
3064,2,36,66,26134,36491,0,CAPACITY_EXCEEDED,INVALID
3065,2,36,67,24766,35800,1,FEASIBLE,WORSE
3066,2,36,68,25909,36601,0,CAPACITY_EXCEEDED,INVALID
3067,2,36,69,24325,35389,1,FEASIBLE,WORSE
3068,2,36,70,24499,35332,1,FEASIBLE,WORSE
3069,2,36,71,25579,36400,1,FEASIBLE,WORSE
3070,2,36,72,26129,36621,0,CAPACITY_EXCEEDED,INVALID
3071,2,36,73,25087,36057,1,FEASIBLE,WORSE
3072,2,36,74,24913,35560,1,FEASIBLE,WORSE
3073,2,36,75,24324,35249,1,FEASIBLE,WORSE
3074,2,36,76,26131,36426,0,CAPACITY_EXCEEDED,INVALID
3075,2,36,77,24971,35457,1,FEASIBLE,WORSE
3076,2,36,78,24992,35923,1,FEASIBLE,WORSE
3077,2,36,79,25897,36238,0,CAPACITY_EXCEEDED,INVALID
3078,2,36,80,24440,35459,1,FEASIBLE,WORSE
3079,2,36,81,25968,36566,0,CAPACITY_EXCEEDED,INVALID
3080,2,36,82,26220,36395,0,CAPACITY_EXCEEDED,INVALID
3081,2,36,83,26012,36660,0,CAPACITY_EXCEEDED,INVALID
3082,2,36,84,26104,36456,0,CAPACITY_EXCEEDED,INVALID
3083,2,36,85,24678,35813,1,FEASIBLE,WORSE
3084,2,36,86,24920,35777,1,FEASIBLE,WORSE
3085,2,36,87,24855,35806,1,FEASIBLE,WORSE
3086,2,36,88,24793,35635,1,FEASIBLE,WORSE
3087,2,36,89,25812,36513,0,CAPACITY_EXCEEDED,INVALID
3088,2,36,90,26122,36320,0,CAPACITY_EXCEEDED,INVALID
3089,2,36,91,25552,36310,1,FEASIBLE,WORSE
3090,2,36,92,25214,36117,1,FEASIBLE,WORSE
3091,2,36,93,24549,35703,1,FEASIBLE,WORSE
3092,2,36,94,25012,35863,1,FEASIBLE,WORSE
3093,2,36,95,24863,35416,1,FEASIBLE,WORSE
3094,2,36,96,25165,35719,1,FEASIBLE,WORSE
3095,2,36,97,24453,35515,1,FEASIBLE,WORSE
3096,2,36,98,25009,35243,1,FEASIBLE,WORSE
3097,2,36,99,25575,36287,1,FEASIBLE,WORSE
3098,2,37,38,26347,36876,0,CAPACITY_EXCEEDED,INVALID
3099,2,37,39,24912,35735,1,FEASIBLE,WORSE
3100,2,37,40,25009,36103,1,FEASIBLE,WORSE
3101,2,37,41,25598,35953,1,FEASIBLE,WORSE
3102,2,37,42,25256,35801,1,FEASIBLE,WORSE
3103,2,37,43,25188,36396,1,FEASIBLE,WORSE
3104,2,37,44,25527,36325,1,FEASIBLE,WORSE
3105,2,37,45,24653,35803,1,FEASIBLE,WORSE
3106,2,37,46,26377,36817,0,CAPACITY_EXCEEDED,INVALID
3107,2,37,47,25118,35917,1,FEASIBLE,WORSE
3108,2,37,48,26327,36780,0,CAPACITY_EXCEEDED,INVALID
3109,2,37,49,25420,35991,1,FEASIBLE,WORSE
3110,2,37,50,25391,35979,1,FEASIBLE,WORSE
3111,2,37,51,25095,35732,1,FEASIBLE,WORSE
3112,2,37,52,24877,35838,1,FEASIBLE,WORSE
3113,2,37,53,24973,36178,1,FEASIBLE,WORSE
3114,2,37,54,25614,36484,1,FEASIBLE,WORSE
3115,2,37,55,26235,36833,0,CAPACITY_EXCEEDED,INVALID
3116,2,37,56,26530,37211,0,CAPACITY_EXCEEDED,INVALID
3117,2,37,57,26365,37192,0,CAPACITY_EXCEEDED,INVALID
3118,2,37,58,26549,36754,0,CAPACITY_EXCEEDED,INVALID
3119,2,37,59,24639,35778,1,FEASIBLE,WORSE
3120,2,37,60,25397,36174,1,FEASIBLE,WORSE
3121,2,37,61,25324,35980,1,FEASIBLE,WORSE
3122,2,37,62,26169,36902,0,CAPACITY_EXCEEDED,INVALID
3123,2,37,63,26598,36926,0,CAPACITY_EXCEEDED,INVALID
3124,2,37,64,25991,36694,0,CAPACITY_EXCEEDED,INVALID
3125,2,37,65,26563,37026,0,CAPACITY_EXCEEDED,INVALID
3126,2,37,66,26472,36949,0,CAPACITY_EXCEEDED,INVALID
3127,2,37,67,25104,36258,1,FEASIBLE,WORSE
3128,2,37,68,26247,37059,0,CAPACITY_EXCEEDED,INVALID
3129,2,37,69,24663,35847,1,FEASIBLE,WORSE
3130,2,37,70,24837,35790,1,FEASIBLE,WORSE
3131,2,37,71,25917,36858,0,CAPACITY_EXCEEDED,INVALID
3132,2,37,72,26467,37079,0,CAPACITY_EXCEEDED,INVALID
3133,2,37,73,25425,36515,1,FEASIBLE,WORSE
3134,2,37,74,25251,36018,1,FEASIBLE,WORSE
3135,2,37,75,24662,35707,1,FEASIBLE,WORSE
3136,2,37,76,26469,36884,0,CAPACITY_EXCEEDED,INVALID
3137,2,37,77,25309,35915,1,FEASIBLE,WORSE
3138,2,37,78,25330,36381,1,FEASIBLE,WORSE
3139,2,37,79,26235,36696,0,CAPACITY_EXCEEDED,INVALID
3140,2,37,80,24778,35917,1,FEASIBLE,WORSE
3141,2,37,81,26306,37024,0,CAPACITY_EXCEEDED,INVALID
3142,2,37,82,26558,36853,0,CAPACITY_EXCEEDED,INVALID
3143,2,37,83,26350,37118,0,CAPACITY_EXCEEDED,INVALID
3144,2,37,84,26442,36914,0,CAPACITY_EXCEEDED,INVALID
3145,2,37,85,25016,36271,1,FEASIBLE,WORSE
3146,2,37,86,25258,36235,1,FEASIBLE,WORSE
3147,2,37,87,25193,36264,1,FEASIBLE,WORSE
3148,2,37,88,25131,36093,1,FEASIBLE,WORSE
3149,2,37,89,26150,36971,0,CAPACITY_EXCEEDED,INVALID
3150,2,37,90,26460,36778,0,CAPACITY_EXCEEDED,INVALID
3151,2,37,91,25890,36768,0,CAPACITY_EXCEEDED,INVALID
3152,2,37,92,25552,36575,1,FEASIBLE,WORSE
3153,2,37,93,24887,36161,1,FEASIBLE,WORSE
3154,2,37,94,25350,36321,1,FEASIBLE,WORSE
3155,2,37,95,25201,35874,1,FEASIBLE,WORSE
3156,2,37,96,25503,36177,1,FEASIBLE,WORSE
3157,2,37,97,24791,35973,1,FEASIBLE,WORSE
3158,2,37,98,25347,35701,1,FEASIBLE,WORSE
3159,2,37,99,25913,36745,0,CAPACITY_EXCEEDED,INVALID
3160,2,38,39,25747,36418,1,FEASIBLE,WORSE
3161,2,38,40,25844,36786,0,CAPACITY_EXCEEDED,INVALID
3162,2,38,41,26433,36636,0,CAPACITY_EXCEEDED,INVALID
3163,2,38,42,26091,36484,0,CAPACITY_EXCEEDED,INVALID
3164,2,38,43,26023,37079,0,CAPACITY_EXCEEDED,INVALID
3165,2,38,44,26362,37008,0,CAPACITY_EXCEEDED,INVALID
3166,2,38,45,25488,36486,1,FEASIBLE,WORSE
3167,2,38,46,27212,37500,0,CAPACITY_EXCEEDED,INVALID
3168,2,38,47,25953,36600,0,CAPACITY_EXCEEDED,INVALID
3169,2,38,48,27162,37463,0,CAPACITY_EXCEEDED,INVALID
3170,2,38,49,26255,36674,0,CAPACITY_EXCEEDED,INVALID
3171,2,38,50,26226,36662,0,CAPACITY_EXCEEDED,INVALID
3172,2,38,51,25930,36415,0,CAPACITY_EXCEEDED,INVALID
3173,2,38,52,25712,36521,1,FEASIBLE,WORSE
3174,2,38,53,25808,36861,0,CAPACITY_EXCEEDED,INVALID
3175,2,38,54,26449,37167,0,CAPACITY_EXCEEDED,INVALID
3176,2,38,55,27070,37516,0,CAPACITY_EXCEEDED,INVALID
3177,2,38,56,27365,37894,0,CAPACITY_EXCEEDED,INVALID
3178,2,38,57,27200,37875,0,CAPACITY_EXCEEDED,INVALID
3179,2,38,58,27384,37437,0,CAPACITY_EXCEEDED,INVALID
3180,2,38,59,25474,36461,1,FEASIBLE,WORSE
3181,2,38,60,26232,36857,0,CAPACITY_EXCEEDED,INVALID
3182,2,38,61,26159,36663,0,CAPACITY_EXCEEDED,INVALID
3183,2,38,62,27004,37585,0,CAPACITY_EXCEEDED,INVALID
3184,2,38,63,27433,37609,0,CAPACITY_EXCEEDED,INVALID
3185,2,38,64,26826,37377,0,CAPACITY_EXCEEDED,INVALID
3186,2,38,65,27398,37709,0,CAPACITY_EXCEEDED,INVALID
3187,2,38,66,27307,37632,0,CAPACITY_EXCEEDED,INVALID
3188,2,38,67,25939,36941,0,CAPACITY_EXCEEDED,INVALID
3189,2,38,68,27082,37742,0,CAPACITY_EXCEEDED,INVALID
3190,2,38,69,25498,36530,1,FEASIBLE,WORSE
3191,2,38,70,25672,36473,1,FEASIBLE,WORSE
3192,2,38,71,26752,37541,0,CAPACITY_EXCEEDED,INVALID
3193,2,38,72,27302,37762,0,CAPACITY_EXCEEDED,INVALID
3194,2,38,73,26260,37198,0,CAPACITY_EXCEEDED,INVALID
3195,2,38,74,26086,36701,0,CAPACITY_EXCEEDED,INVALID
3196,2,38,75,25497,36390,1,FEASIBLE,WORSE
3197,2,38,76,27304,37567,0,CAPACITY_EXCEEDED,INVALID
3198,2,38,77,26144,36598,0,CAPACITY_EXCEEDED,INVALID
3199,2,38,78,26165,37064,0,CAPACITY_EXCEEDED,INVALID
3200,2,38,79,27070,37379,0,CAPACITY_EXCEEDED,INVALID
3201,2,38,80,25613,36600,1,FEASIBLE,WORSE
3202,2,38,81,27141,37707,0,CAPACITY_EXCEEDED,INVALID
3203,2,38,82,27393,37536,0,CAPACITY_EXCEEDED,INVALID
3204,2,38,83,27185,37801,0,CAPACITY_EXCEEDED,INVALID
3205,2,38,84,27277,37597,0,CAPACITY_EXCEEDED,INVALID
3206,2,38,85,25851,36954,0,CAPACITY_EXCEEDED,INVALID
3207,2,38,86,26093,36918,0,CAPACITY_EXCEEDED,INVALID
3208,2,38,87,26028,36947,0,CAPACITY_EXCEEDED,INVALID
3209,2,38,88,25966,36776,0,CAPACITY_EXCEEDED,INVALID
3210,2,38,89,26985,37654,0,CAPACITY_EXCEEDED,INVALID
3211,2,38,90,27295,37461,0,CAPACITY_EXCEEDED,INVALID
3212,2,38,91,26725,37451,0,CAPACITY_EXCEEDED,INVALID
3213,2,38,92,26387,37258,0,CAPACITY_EXCEEDED,INVALID
3214,2,38,93,25722,36844,1,FEASIBLE,WORSE
3215,2,38,94,26185,37004,0,CAPACITY_EXCEEDED,INVALID
3216,2,38,95,26036,36557,0,CAPACITY_EXCEEDED,INVALID
3217,2,38,96,26338,36860,0,CAPACITY_EXCEEDED,INVALID
3218,2,38,97,25626,36656,1,FEASIBLE,WORSE
3219,2,38,98,26182,36384,0,CAPACITY_EXCEEDED,INVALID
3220,2,38,99,26748,37428,0,CAPACITY_EXCEEDED,INVALID
3221,2,39,40,24409,35645,1,FEASIBLE,WORSE
3222,2,39,41,24998,35495,1,FEASIBLE,WORSE
3223,2,39,42,24656,35343,1,FEASIBLE,WORSE
3224,2,39,43,24588,35938,1,FEASIBLE,WORSE
3225,2,39,44,24927,35867,1,FEASIBLE,WORSE
3226,2,39,45,24053,35345,1,FEASIBLE,WORSE
3227,2,39,46,25777,36359,0,CAPACITY_EXCEEDED,INVALID
3228,2,39,47,24518,35459,1,FEASIBLE,WORSE
3229,2,39,48,25727,36322,1,FEASIBLE,WORSE
3230,2,39,49,24820,35533,1,FEASIBLE,WORSE
3231,2,39,50,24791,35521,1,FEASIBLE,WORSE
3232,2,39,51,24495,35274,1,FEASIBLE,WORSE
3233,2,39,52,24277,35380,1,FEASIBLE,WORSE
3234,2,39,53,24373,35720,1,FEASIBLE,WORSE
3235,2,39,54,25014,36026,1,FEASIBLE,WORSE
3236,2,39,55,25635,36375,1,FEASIBLE,WORSE
3237,2,39,56,25930,36753,0,CAPACITY_EXCEEDED,INVALID
3238,2,39,57,25765,36734,0,CAPACITY_EXCEEDED,INVALID
3239,2,39,58,25949,36296,0,CAPACITY_EXCEEDED,INVALID
3240,2,39,59,24039,35320,1,FEASIBLE,WORSE
3241,2,39,60,24797,35716,1,FEASIBLE,WORSE
3242,2,39,61,24724,35522,1,FEASIBLE,WORSE
3243,2,39,62,25569,36444,1,FEASIBLE,WORSE
3244,2,39,63,25998,36468,0,CAPACITY_EXCEEDED,INVALID
3245,2,39,64,25391,36236,1,FEASIBLE,WORSE
3246,2,39,65,25963,36568,0,CAPACITY_EXCEEDED,INVALID
3247,2,39,66,25872,36491,0,CAPACITY_EXCEEDED,INVALID
3248,2,39,67,24504,35800,1,FEASIBLE,WORSE
3249,2,39,68,25647,36601,1,FEASIBLE,WORSE
3250,2,39,69,24063,35389,1,FEASIBLE,WORSE
3251,2,39,70,24237,35332,1,FEASIBLE,WORSE
3252,2,39,71,25317,36400,1,FEASIBLE,WORSE
3253,2,39,72,25867,36621,0,CAPACITY_EXCEEDED,INVALID
3254,2,39,73,24825,36057,1,FEASIBLE,WORSE
3255,2,39,74,24651,35560,1,FEASIBLE,WORSE
3256,2,39,75,24062,35249,1,FEASIBLE,WORSE
3257,2,39,76,25869,36426,0,CAPACITY_EXCEEDED,INVALID
3258,2,39,77,24709,35457,1,FEASIBLE,WORSE
3259,2,39,78,24730,35923,1,FEASIBLE,WORSE
3260,2,39,79,25635,36238,1,FEASIBLE,WORSE
3261,2,39,80,24178,35459,1,FEASIBLE,WORSE
3262,2,39,81,25706,36566,1,FEASIBLE,WORSE
3263,2,39,82,25958,36395,0,CAPACITY_EXCEEDED,INVALID
3264,2,39,83,25750,36660,1,FEASIBLE,WORSE
3265,2,39,84,25842,36456,0,CAPACITY_EXCEEDED,INVALID
3266,2,39,85,24416,35813,1,FEASIBLE,WORSE
3267,2,39,86,24658,35777,1,FEASIBLE,WORSE
3268,2,39,87,24593,35806,1,FEASIBLE,WORSE
3269,2,39,88,24531,35635,1,FEASIBLE,WORSE
3270,2,39,89,25550,36513,1,FEASIBLE,WORSE
3271,2,39,90,25860,36320,0,CAPACITY_EXCEEDED,INVALID
3272,2,39,91,25290,36310,1,FEASIBLE,WORSE
3273,2,39,92,24952,36117,1,FEASIBLE,WORSE
3274,2,39,93,24287,35703,1,FEASIBLE,WORSE
3275,2,39,94,24750,35863,1,FEASIBLE,WORSE
3276,2,39,95,24601,35416,1,FEASIBLE,WORSE
3277,2,39,96,24903,35719,1,FEASIBLE,WORSE
3278,2,39,97,24191,35515,1,FEASIBLE,WORSE
3279,2,39,98,24747,35243,1,FEASIBLE,WORSE
3280,2,39,99,25313,36287,1,FEASIBLE,WORSE
3281,2,40,41,25095,35863,1,FEASIBLE,WORSE
3282,2,40,42,24753,35711,1,FEASIBLE,WORSE
3283,2,40,43,24685,36306,1,FEASIBLE,WORSE
3284,2,40,44,25024,36235,1,FEASIBLE,WORSE
3285,2,40,45,24150,35713,1,FEASIBLE,WORSE
3286,2,40,46,25874,36727,0,CAPACITY_EXCEEDED,INVALID
3287,2,40,47,24615,35827,1,FEASIBLE,WORSE
3288,2,40,48,25824,36690,0,CAPACITY_EXCEEDED,INVALID
3289,2,40,49,24917,35901,1,FEASIBLE,WORSE
3290,2,40,50,24888,35889,1,FEASIBLE,WORSE
3291,2,40,51,24592,35642,1,FEASIBLE,WORSE
3292,2,40,52,24374,35748,1,FEASIBLE,WORSE
3293,2,40,53,24470,36088,1,FEASIBLE,WORSE
3294,2,40,54,25111,36394,1,FEASIBLE,WORSE
3295,2,40,55,25732,36743,1,FEASIBLE,WORSE
3296,2,40,56,26027,37121,0,CAPACITY_EXCEEDED,INVALID
3297,2,40,57,25862,37102,0,CAPACITY_EXCEEDED,INVALID
3298,2,40,58,26046,36664,0,CAPACITY_EXCEEDED,INVALID
3299,2,40,59,24136,35688,1,FEASIBLE,WORSE
3300,2,40,60,24894,36084,1,FEASIBLE,WORSE
3301,2,40,61,24821,35890,1,FEASIBLE,WORSE
3302,2,40,62,25666,36812,1,FEASIBLE,WORSE
3303,2,40,63,26095,36836,0,CAPACITY_EXCEEDED,INVALID
3304,2,40,64,25488,36604,1,FEASIBLE,WORSE
3305,2,40,65,26060,36936,0,CAPACITY_EXCEEDED,INVALID
3306,2,40,66,25969,36859,0,CAPACITY_EXCEEDED,INVALID
3307,2,40,67,24601,36168,1,FEASIBLE,WORSE
3308,2,40,68,25744,36969,1,FEASIBLE,WORSE
3309,2,40,69,24160,35757,1,FEASIBLE,WORSE
3310,2,40,70,24334,35700,1,FEASIBLE,WORSE
3311,2,40,71,25414,36768,1,FEASIBLE,WORSE
3312,2,40,72,25964,36989,0,CAPACITY_EXCEEDED,INVALID
3313,2,40,73,24922,36425,1,FEASIBLE,WORSE
3314,2,40,74,24748,35928,1,FEASIBLE,WORSE
3315,2,40,75,24159,35617,1,FEASIBLE,WORSE
3316,2,40,76,25966,36794,0,CAPACITY_EXCEEDED,INVALID
3317,2,40,77,24806,35825,1,FEASIBLE,WORSE
3318,2,40,78,24827,36291,1,FEASIBLE,WORSE
3319,2,40,79,25732,36606,1,FEASIBLE,WORSE
3320,2,40,80,24275,35827,1,FEASIBLE,WORSE
3321,2,40,81,25803,36934,0,CAPACITY_EXCEEDED,INVALID
3322,2,40,82,26055,36763,0,CAPACITY_EXCEEDED,INVALID
3323,2,40,83,25847,37028,0,CAPACITY_EXCEEDED,INVALID
3324,2,40,84,25939,36824,0,CAPACITY_EXCEEDED,INVALID
3325,2,40,85,24513,36181,1,FEASIBLE,WORSE
3326,2,40,86,24755,36145,1,FEASIBLE,WORSE
3327,2,40,87,24690,36174,1,FEASIBLE,WORSE
3328,2,40,88,24628,36003,1,FEASIBLE,WORSE
3329,2,40,89,25647,36881,1,FEASIBLE,WORSE
3330,2,40,90,25957,36688,0,CAPACITY_EXCEEDED,INVALID
3331,2,40,91,25387,36678,1,FEASIBLE,WORSE
3332,2,40,92,25049,36485,1,FEASIBLE,WORSE
3333,2,40,93,24384,36071,1,FEASIBLE,WORSE
3334,2,40,94,24847,36231,1,FEASIBLE,WORSE
3335,2,40,95,24698,35784,1,FEASIBLE,WORSE
3336,2,40,96,25000,36087,1,FEASIBLE,WORSE
3337,2,40,97,24288,35883,1,FEASIBLE,WORSE
3338,2,40,98,24844,35611,1,FEASIBLE,WORSE
3339,2,40,99,25410,36655,1,FEASIBLE,WORSE
3340,2,41,42,25342,35561,1,FEASIBLE,WORSE
3341,2,41,43,25274,36156,1,FEASIBLE,WORSE
3342,2,41,44,25613,36085,1,FEASIBLE,WORSE
3343,2,41,45,24739,35563,1,FEASIBLE,WORSE
3344,2,41,46,26463,36577,0,CAPACITY_EXCEEDED,INVALID
3345,2,41,47,25204,35677,1,FEASIBLE,WORSE
3346,2,41,48,26413,36540,0,CAPACITY_EXCEEDED,INVALID
3347,2,41,49,25506,35751,1,FEASIBLE,WORSE
3348,2,41,50,25477,35739,1,FEASIBLE,WORSE
3349,2,41,51,25181,35492,1,FEASIBLE,WORSE
3350,2,41,52,24963,35598,1,FEASIBLE,WORSE
3351,2,41,53,25059,35938,1,FEASIBLE,WORSE
3352,2,41,54,25700,36244,1,FEASIBLE,WORSE
3353,2,41,55,26321,36593,0,CAPACITY_EXCEEDED,INVALID
3354,2,41,56,26616,36971,0,CAPACITY_EXCEEDED,INVALID
3355,2,41,57,26451,36952,0,CAPACITY_EXCEEDED,INVALID
3356,2,41,58,26635,36514,0,CAPACITY_EXCEEDED,INVALID
3357,2,41,59,24725,35538,1,FEASIBLE,WORSE
3358,2,41,60,25483,35934,1,FEASIBLE,WORSE
3359,2,41,61,25410,35740,1,FEASIBLE,WORSE
3360,2,41,62,26255,36662,0,CAPACITY_EXCEEDED,INVALID
3361,2,41,63,26684,36686,0,CAPACITY_EXCEEDED,INVALID
3362,2,41,64,26077,36454,0,CAPACITY_EXCEEDED,INVALID
3363,2,41,65,26649,36786,0,CAPACITY_EXCEEDED,INVALID
3364,2,41,66,26558,36709,0,CAPACITY_EXCEEDED,INVALID
3365,2,41,67,25190,36018,1,FEASIBLE,WORSE
3366,2,41,68,26333,36819,0,CAPACITY_EXCEEDED,INVALID
3367,2,41,69,24749,35607,1,FEASIBLE,WORSE
3368,2,41,70,24923,35550,1,FEASIBLE,WORSE
3369,2,41,71,26003,36618,0,CAPACITY_EXCEEDED,INVALID
3370,2,41,72,26553,36839,0,CAPACITY_EXCEEDED,INVALID
3371,2,41,73,25511,36275,1,FEASIBLE,WORSE
3372,2,41,74,25337,35778,1,FEASIBLE,WORSE
3373,2,41,75,24748,35467,1,FEASIBLE,WORSE
3374,2,41,76,26555,36644,0,CAPACITY_EXCEEDED,INVALID
3375,2,41,77,25395,35675,1,FEASIBLE,WORSE
3376,2,41,78,25416,36141,1,FEASIBLE,WORSE
3377,2,41,79,26321,36456,0,CAPACITY_EXCEEDED,INVALID
3378,2,41,80,24864,35677,1,FEASIBLE,WORSE
3379,2,41,81,26392,36784,0,CAPACITY_EXCEEDED,INVALID
3380,2,41,82,26644,36613,0,CAPACITY_EXCEEDED,INVALID
3381,2,41,83,26436,36878,0,CAPACITY_EXCEEDED,INVALID
3382,2,41,84,26528,36674,0,CAPACITY_EXCEEDED,INVALID
3383,2,41,85,25102,36031,1,FEASIBLE,WORSE
3384,2,41,86,25344,35995,1,FEASIBLE,WORSE
3385,2,41,87,25279,36024,1,FEASIBLE,WORSE
3386,2,41,88,25217,35853,1,FEASIBLE,WORSE
3387,2,41,89,26236,36731,0,CAPACITY_EXCEEDED,INVALID
3388,2,41,90,26546,36538,0,CAPACITY_EXCEEDED,INVALID
3389,2,41,91,25976,36528,0,CAPACITY_EXCEEDED,INVALID
3390,2,41,92,25638,36335,1,FEASIBLE,WORSE
3391,2,41,93,24973,35921,1,FEASIBLE,WORSE
3392,2,41,94,25436,36081,1,FEASIBLE,WORSE
3393,2,41,95,25287,35634,1,FEASIBLE,WORSE
3394,2,41,96,25589,35937,1,FEASIBLE,WORSE
3395,2,41,97,24877,35733,1,FEASIBLE,WORSE
3396,2,41,98,25433,35461,1,FEASIBLE,WORSE
3397,2,41,99,25999,36505,0,CAPACITY_EXCEEDED,INVALID
3398,2,42,43,24932,36004,1,FEASIBLE,WORSE
3399,2,42,44,25271,35933,1,FEASIBLE,WORSE
3400,2,42,45,24397,35411,1,FEASIBLE,WORSE
3401,2,42,46,26121,36425,0,CAPACITY_EXCEEDED,INVALID
3402,2,42,47,24862,35525,1,FEASIBLE,WORSE
3403,2,42,48,26071,36388,0,CAPACITY_EXCEEDED,INVALID
3404,2,42,49,25164,35599,1,FEASIBLE,WORSE
3405,2,42,50,25135,35587,1,FEASIBLE,WORSE
3406,2,42,51,24839,35340,1,FEASIBLE,WORSE
3407,2,42,52,24621,35446,1,FEASIBLE,WORSE
3408,2,42,53,24717,35786,1,FEASIBLE,WORSE
3409,2,42,54,25358,36092,1,FEASIBLE,WORSE
3410,2,42,55,25979,36441,0,CAPACITY_EXCEEDED,INVALID
3411,2,42,56,26274,36819,0,CAPACITY_EXCEEDED,INVALID
3412,2,42,57,26109,36800,0,CAPACITY_EXCEEDED,INVALID
3413,2,42,58,26293,36362,0,CAPACITY_EXCEEDED,INVALID
3414,2,42,59,24383,35386,1,FEASIBLE,WORSE
3415,2,42,60,25141,35782,1,FEASIBLE,WORSE
3416,2,42,61,25068,35588,1,FEASIBLE,WORSE
3417,2,42,62,25913,36510,0,CAPACITY_EXCEEDED,INVALID
3418,2,42,63,26342,36534,0,CAPACITY_EXCEEDED,INVALID
3419,2,42,64,25735,36302,1,FEASIBLE,WORSE
3420,2,42,65,26307,36634,0,CAPACITY_EXCEEDED,INVALID
3421,2,42,66,26216,36557,0,CAPACITY_EXCEEDED,INVALID
3422,2,42,67,24848,35866,1,FEASIBLE,WORSE
3423,2,42,68,25991,36667,0,CAPACITY_EXCEEDED,INVALID
3424,2,42,69,24407,35455,1,FEASIBLE,WORSE
3425,2,42,70,24581,35398,1,FEASIBLE,WORSE
3426,2,42,71,25661,36466,1,FEASIBLE,WORSE
3427,2,42,72,26211,36687,0,CAPACITY_EXCEEDED,INVALID
3428,2,42,73,25169,36123,1,FEASIBLE,WORSE
3429,2,42,74,24995,35626,1,FEASIBLE,WORSE
3430,2,42,75,24406,35315,1,FEASIBLE,WORSE
3431,2,42,76,26213,36492,0,CAPACITY_EXCEEDED,INVALID
3432,2,42,77,25053,35523,1,FEASIBLE,WORSE
3433,2,42,78,25074,35989,1,FEASIBLE,WORSE
3434,2,42,79,25979,36304,0,CAPACITY_EXCEEDED,INVALID
3435,2,42,80,24522,35525,1,FEASIBLE,WORSE
3436,2,42,81,26050,36632,0,CAPACITY_EXCEEDED,INVALID
3437,2,42,82,26302,36461,0,CAPACITY_EXCEEDED,INVALID
3438,2,42,83,26094,36726,0,CAPACITY_EXCEEDED,INVALID
3439,2,42,84,26186,36522,0,CAPACITY_EXCEEDED,INVALID
3440,2,42,85,24760,35879,1,FEASIBLE,WORSE
3441,2,42,86,25002,35843,1,FEASIBLE,WORSE
3442,2,42,87,24937,35872,1,FEASIBLE,WORSE
3443,2,42,88,24875,35701,1,FEASIBLE,WORSE
3444,2,42,89,25894,36579,0,CAPACITY_EXCEEDED,INVALID
3445,2,42,90,26204,36386,0,CAPACITY_EXCEEDED,INVALID
3446,2,42,91,25634,36376,1,FEASIBLE,WORSE
3447,2,42,92,25296,36183,1,FEASIBLE,WORSE
3448,2,42,93,24631,35769,1,FEASIBLE,WORSE
3449,2,42,94,25094,35929,1,FEASIBLE,WORSE
3450,2,42,95,24945,35482,1,FEASIBLE,WORSE
3451,2,42,96,25247,35785,1,FEASIBLE,WORSE
3452,2,42,97,24535,35581,1,FEASIBLE,WORSE
3453,2,42,98,25091,35309,1,FEASIBLE,WORSE
3454,2,42,99,25657,36353,1,FEASIBLE,WORSE
3455,2,43,44,25203,36528,1,FEASIBLE,WORSE
3456,2,43,45,24329,36006,1,FEASIBLE,WORSE
3457,2,43,46,26053,37020,0,CAPACITY_EXCEEDED,INVALID
3458,2,43,47,24794,36120,1,FEASIBLE,WORSE
3459,2,43,48,26003,36983,0,CAPACITY_EXCEEDED,INVALID
3460,2,43,49,25096,36194,1,FEASIBLE,WORSE
3461,2,43,50,25067,36182,1,FEASIBLE,WORSE
3462,2,43,51,24771,35935,1,FEASIBLE,WORSE
3463,2,43,52,24553,36041,1,FEASIBLE,WORSE
3464,2,43,53,24649,36381,1,FEASIBLE,WORSE
3465,2,43,54,25290,36687,1,FEASIBLE,WORSE
3466,2,43,55,25911,37036,0,CAPACITY_EXCEEDED,INVALID
3467,2,43,56,26206,37414,0,CAPACITY_EXCEEDED,INVALID
3468,2,43,57,26041,37395,0,CAPACITY_EXCEEDED,INVALID
3469,2,43,58,26225,36957,0,CAPACITY_EXCEEDED,INVALID
3470,2,43,59,24315,35981,1,FEASIBLE,WORSE
3471,2,43,60,25073,36377,1,FEASIBLE,WORSE
3472,2,43,61,25000,36183,1,FEASIBLE,WORSE
3473,2,43,62,25845,37105,0,CAPACITY_EXCEEDED,INVALID
3474,2,43,63,26274,37129,0,CAPACITY_EXCEEDED,INVALID
3475,2,43,64,25667,36897,1,FEASIBLE,WORSE
3476,2,43,65,26239,37229,0,CAPACITY_EXCEEDED,INVALID
3477,2,43,66,26148,37152,0,CAPACITY_EXCEEDED,INVALID
3478,2,43,67,24780,36461,1,FEASIBLE,WORSE
3479,2,43,68,25923,37262,0,CAPACITY_EXCEEDED,INVALID
3480,2,43,69,24339,36050,1,FEASIBLE,WORSE
3481,2,43,70,24513,35993,1,FEASIBLE,WORSE
3482,2,43,71,25593,37061,1,FEASIBLE,WORSE
3483,2,43,72,26143,37282,0,CAPACITY_EXCEEDED,INVALID
3484,2,43,73,25101,36718,1,FEASIBLE,WORSE
3485,2,43,74,24927,36221,1,FEASIBLE,WORSE
3486,2,43,75,24338,35910,1,FEASIBLE,WORSE
3487,2,43,76,26145,37087,0,CAPACITY_EXCEEDED,INVALID
3488,2,43,77,24985,36118,1,FEASIBLE,WORSE
3489,2,43,78,25006,36584,1,FEASIBLE,WORSE
3490,2,43,79,25911,36899,0,CAPACITY_EXCEEDED,INVALID
3491,2,43,80,24454,36120,1,FEASIBLE,WORSE
3492,2,43,81,25982,37227,0,CAPACITY_EXCEEDED,INVALID
3493,2,43,82,26234,37056,0,CAPACITY_EXCEEDED,INVALID
3494,2,43,83,26026,37321,0,CAPACITY_EXCEEDED,INVALID
3495,2,43,84,26118,37117,0,CAPACITY_EXCEEDED,INVALID
3496,2,43,85,24692,36474,1,FEASIBLE,WORSE
3497,2,43,86,24934,36438,1,FEASIBLE,WORSE
3498,2,43,87,24869,36467,1,FEASIBLE,WORSE
3499,2,43,88,24807,36296,1,FEASIBLE,WORSE
3500,2,43,89,25826,37174,0,CAPACITY_EXCEEDED,INVALID
3501,2,43,90,26136,36981,0,CAPACITY_EXCEEDED,INVALID
3502,2,43,91,25566,36971,1,FEASIBLE,WORSE
3503,2,43,92,25228,36778,1,FEASIBLE,WORSE
3504,2,43,93,24563,36364,1,FEASIBLE,WORSE
3505,2,43,94,25026,36524,1,FEASIBLE,WORSE
3506,2,43,95,24877,36077,1,FEASIBLE,WORSE
3507,2,43,96,25179,36380,1,FEASIBLE,WORSE
3508,2,43,97,24467,36176,1,FEASIBLE,WORSE
3509,2,43,98,25023,35904,1,FEASIBLE,WORSE
3510,2,43,99,25589,36948,1,FEASIBLE,WORSE
3511,2,44,45,24668,35935,1,FEASIBLE,WORSE
3512,2,44,46,26392,36949,0,CAPACITY_EXCEEDED,INVALID
3513,2,44,47,25133,36049,1,FEASIBLE,WORSE
3514,2,44,48,26342,36912,0,CAPACITY_EXCEEDED,INVALID
3515,2,44,49,25435,36123,1,FEASIBLE,WORSE
3516,2,44,50,25406,36111,1,FEASIBLE,WORSE
3517,2,44,51,25110,35864,1,FEASIBLE,WORSE
3518,2,44,52,24892,35970,1,FEASIBLE,WORSE
3519,2,44,53,24988,36310,1,FEASIBLE,WORSE
3520,2,44,54,25629,36616,1,FEASIBLE,WORSE
3521,2,44,55,26250,36965,0,CAPACITY_EXCEEDED,INVALID
3522,2,44,56,26545,37343,0,CAPACITY_EXCEEDED,INVALID
3523,2,44,57,26380,37324,0,CAPACITY_EXCEEDED,INVALID
3524,2,44,58,26564,36886,0,CAPACITY_EXCEEDED,INVALID
3525,2,44,59,24654,35910,1,FEASIBLE,WORSE
3526,2,44,60,25412,36306,1,FEASIBLE,WORSE
3527,2,44,61,25339,36112,1,FEASIBLE,WORSE
3528,2,44,62,26184,37034,0,CAPACITY_EXCEEDED,INVALID
3529,2,44,63,26613,37058,0,CAPACITY_EXCEEDED,INVALID
3530,2,44,64,26006,36826,0,CAPACITY_EXCEEDED,INVALID
3531,2,44,65,26578,37158,0,CAPACITY_EXCEEDED,INVALID
3532,2,44,66,26487,37081,0,CAPACITY_EXCEEDED,INVALID
3533,2,44,67,25119,36390,1,FEASIBLE,WORSE
3534,2,44,68,26262,37191,0,CAPACITY_EXCEEDED,INVALID
3535,2,44,69,24678,35979,1,FEASIBLE,WORSE
3536,2,44,70,24852,35922,1,FEASIBLE,WORSE
3537,2,44,71,25932,36990,0,CAPACITY_EXCEEDED,INVALID
3538,2,44,72,26482,37211,0,CAPACITY_EXCEEDED,INVALID
3539,2,44,73,25440,36647,1,FEASIBLE,WORSE
3540,2,44,74,25266,36150,1,FEASIBLE,WORSE
3541,2,44,75,24677,35839,1,FEASIBLE,WORSE
3542,2,44,76,26484,37016,0,CAPACITY_EXCEEDED,INVALID
3543,2,44,77,25324,36047,1,FEASIBLE,WORSE
3544,2,44,78,25345,36513,1,FEASIBLE,WORSE
3545,2,44,79,26250,36828,0,CAPACITY_EXCEEDED,INVALID
3546,2,44,80,24793,36049,1,FEASIBLE,WORSE
3547,2,44,81,26321,37156,0,CAPACITY_EXCEEDED,INVALID
3548,2,44,82,26573,36985,0,CAPACITY_EXCEEDED,INVALID
3549,2,44,83,26365,37250,0,CAPACITY_EXCEEDED,INVALID
3550,2,44,84,26457,37046,0,CAPACITY_EXCEEDED,INVALID
3551,2,44,85,25031,36403,1,FEASIBLE,WORSE
3552,2,44,86,25273,36367,1,FEASIBLE,WORSE
3553,2,44,87,25208,36396,1,FEASIBLE,WORSE
3554,2,44,88,25146,36225,1,FEASIBLE,WORSE
3555,2,44,89,26165,37103,0,CAPACITY_EXCEEDED,INVALID
3556,2,44,90,26475,36910,0,CAPACITY_EXCEEDED,INVALID
3557,2,44,91,25905,36900,0,CAPACITY_EXCEEDED,INVALID
3558,2,44,92,25567,36707,1,FEASIBLE,WORSE
3559,2,44,93,24902,36293,1,FEASIBLE,WORSE
3560,2,44,94,25365,36453,1,FEASIBLE,WORSE
3561,2,44,95,25216,36006,1,FEASIBLE,WORSE
3562,2,44,96,25518,36309,1,FEASIBLE,WORSE
3563,2,44,97,24806,36105,1,FEASIBLE,WORSE
3564,2,44,98,25362,35833,1,FEASIBLE,WORSE
3565,2,44,99,25928,36877,0,CAPACITY_EXCEEDED,INVALID
3566,2,45,46,25518,36427,1,FEASIBLE,WORSE
3567,2,45,47,24259,35527,1,FEASIBLE,WORSE
3568,2,45,48,25468,36390,1,FEASIBLE,WORSE
3569,2,45,49,24561,35601,1,FEASIBLE,WORSE
3570,2,45,50,24532,35589,1,FEASIBLE,WORSE
3571,2,45,51,24236,35342,1,FEASIBLE,WORSE
3572,2,45,52,24018,35448,1,FEASIBLE,WORSE
3573,2,45,53,24114,35788,1,FEASIBLE,WORSE
3574,2,45,54,24755,36094,1,FEASIBLE,WORSE
3575,2,45,55,25376,36443,1,FEASIBLE,WORSE
3576,2,45,56,25671,36821,1,FEASIBLE,WORSE
3577,2,45,57,25506,36802,1,FEASIBLE,WORSE
3578,2,45,58,25690,36364,1,FEASIBLE,WORSE
3579,2,45,59,23780,35388,1,FEASIBLE,WORSE
3580,2,45,60,24538,35784,1,FEASIBLE,WORSE
3581,2,45,61,24465,35590,1,FEASIBLE,WORSE
3582,2,45,62,25310,36512,1,FEASIBLE,WORSE
3583,2,45,63,25739,36536,1,FEASIBLE,WORSE
3584,2,45,64,25132,36304,1,FEASIBLE,WORSE
3585,2,45,65,25704,36636,1,FEASIBLE,WORSE
3586,2,45,66,25613,36559,1,FEASIBLE,WORSE
3587,2,45,67,24245,35868,1,FEASIBLE,WORSE
3588,2,45,68,25388,36669,1,FEASIBLE,WORSE
3589,2,45,69,23804,35457,1,FEASIBLE,WORSE
3590,2,45,70,23978,35400,1,FEASIBLE,WORSE
3591,2,45,71,25058,36468,1,FEASIBLE,WORSE
3592,2,45,72,25608,36689,1,FEASIBLE,WORSE
3593,2,45,73,24566,36125,1,FEASIBLE,WORSE
3594,2,45,74,24392,35628,1,FEASIBLE,WORSE
3595,2,45,75,23803,35317,1,FEASIBLE,WORSE
3596,2,45,76,25610,36494,1,FEASIBLE,WORSE
3597,2,45,77,24450,35525,1,FEASIBLE,WORSE
3598,2,45,78,24471,35991,1,FEASIBLE,WORSE
3599,2,45,79,25376,36306,1,FEASIBLE,WORSE
3600,2,45,80,23919,35527,1,FEASIBLE,WORSE
3601,2,45,81,25447,36634,1,FEASIBLE,WORSE
3602,2,45,82,25699,36463,1,FEASIBLE,WORSE
3603,2,45,83,25491,36728,1,FEASIBLE,WORSE
3604,2,45,84,25583,36524,1,FEASIBLE,WORSE
3605,2,45,85,24157,35881,1,FEASIBLE,WORSE
3606,2,45,86,24399,35845,1,FEASIBLE,WORSE
3607,2,45,87,24334,35874,1,FEASIBLE,WORSE
3608,2,45,88,24272,35703,1,FEASIBLE,WORSE
3609,2,45,89,25291,36581,1,FEASIBLE,WORSE
3610,2,45,90,25601,36388,1,FEASIBLE,WORSE
3611,2,45,91,25031,36378,1,FEASIBLE,WORSE
3612,2,45,92,24693,36185,1,FEASIBLE,WORSE
3613,2,45,93,24028,35771,1,FEASIBLE,WORSE
3614,2,45,94,24491,35931,1,FEASIBLE,WORSE
3615,2,45,95,24342,35484,1,FEASIBLE,WORSE
3616,2,45,96,24644,35787,1,FEASIBLE,WORSE
3617,2,45,97,23932,35583,1,FEASIBLE,WORSE
3618,2,45,98,24488,35311,1,FEASIBLE,WORSE
3619,2,45,99,25054,36355,1,FEASIBLE,WORSE
3620,2,46,47,25983,36541,0,CAPACITY_EXCEEDED,INVALID
3621,2,46,48,27192,37404,0,CAPACITY_EXCEEDED,INVALID
3622,2,46,49,26285,36615,0,CAPACITY_EXCEEDED,INVALID
3623,2,46,50,26256,36603,0,CAPACITY_EXCEEDED,INVALID
3624,2,46,51,25960,36356,0,CAPACITY_EXCEEDED,INVALID
3625,2,46,52,25742,36462,1,FEASIBLE,WORSE
3626,2,46,53,25838,36802,0,CAPACITY_EXCEEDED,INVALID
3627,2,46,54,26479,37108,0,CAPACITY_EXCEEDED,INVALID
3628,2,46,55,27100,37457,0,CAPACITY_EXCEEDED,INVALID
3629,2,46,56,27395,37835,0,CAPACITY_EXCEEDED,INVALID
3630,2,46,57,27230,37816,0,CAPACITY_EXCEEDED,INVALID
3631,2,46,58,27414,37378,0,CAPACITY_EXCEEDED,INVALID
3632,2,46,59,25504,36402,1,FEASIBLE,WORSE
3633,2,46,60,26262,36798,0,CAPACITY_EXCEEDED,INVALID
3634,2,46,61,26189,36604,0,CAPACITY_EXCEEDED,INVALID
3635,2,46,62,27034,37526,0,CAPACITY_EXCEEDED,INVALID
3636,2,46,63,27463,37550,0,CAPACITY_EXCEEDED,INVALID
3637,2,46,64,26856,37318,0,CAPACITY_EXCEEDED,INVALID
3638,2,46,65,27428,37650,0,CAPACITY_EXCEEDED,INVALID
3639,2,46,66,27337,37573,0,CAPACITY_EXCEEDED,INVALID
3640,2,46,67,25969,36882,0,CAPACITY_EXCEEDED,INVALID
3641,2,46,68,27112,37683,0,CAPACITY_EXCEEDED,INVALID
3642,2,46,69,25528,36471,1,FEASIBLE,WORSE
3643,2,46,70,25702,36414,1,FEASIBLE,WORSE
3644,2,46,71,26782,37482,0,CAPACITY_EXCEEDED,INVALID
3645,2,46,72,27332,37703,0,CAPACITY_EXCEEDED,INVALID
3646,2,46,73,26290,37139,0,CAPACITY_EXCEEDED,INVALID
3647,2,46,74,26116,36642,0,CAPACITY_EXCEEDED,INVALID
3648,2,46,75,25527,36331,1,FEASIBLE,WORSE
3649,2,46,76,27334,37508,0,CAPACITY_EXCEEDED,INVALID
3650,2,46,77,26174,36539,0,CAPACITY_EXCEEDED,INVALID
3651,2,46,78,26195,37005,0,CAPACITY_EXCEEDED,INVALID
3652,2,46,79,27100,37320,0,CAPACITY_EXCEEDED,INVALID
3653,2,46,80,25643,36541,1,FEASIBLE,WORSE
3654,2,46,81,27171,37648,0,CAPACITY_EXCEEDED,INVALID
3655,2,46,82,27423,37477,0,CAPACITY_EXCEEDED,INVALID
3656,2,46,83,27215,37742,0,CAPACITY_EXCEEDED,INVALID
3657,2,46,84,27307,37538,0,CAPACITY_EXCEEDED,INVALID
3658,2,46,85,25881,36895,0,CAPACITY_EXCEEDED,INVALID
3659,2,46,86,26123,36859,0,CAPACITY_EXCEEDED,INVALID
3660,2,46,87,26058,36888,0,CAPACITY_EXCEEDED,INVALID
3661,2,46,88,25996,36717,0,CAPACITY_EXCEEDED,INVALID
3662,2,46,89,27015,37595,0,CAPACITY_EXCEEDED,INVALID
3663,2,46,90,27325,37402,0,CAPACITY_EXCEEDED,INVALID
3664,2,46,91,26755,37392,0,CAPACITY_EXCEEDED,INVALID
3665,2,46,92,26417,37199,0,CAPACITY_EXCEEDED,INVALID
3666,2,46,93,25752,36785,0,CAPACITY_EXCEEDED,INVALID
3667,2,46,94,26215,36945,0,CAPACITY_EXCEEDED,INVALID
3668,2,46,95,26066,36498,0,CAPACITY_EXCEEDED,INVALID
3669,2,46,96,26368,36801,0,CAPACITY_EXCEEDED,INVALID
3670,2,46,97,25656,36597,1,FEASIBLE,WORSE
3671,2,46,98,26212,36325,0,CAPACITY_EXCEEDED,INVALID
3672,2,46,99,26778,37369,0,CAPACITY_EXCEEDED,INVALID
3673,2,47,48,25933,36504,0,CAPACITY_EXCEEDED,INVALID
3674,2,47,49,25026,35715,1,FEASIBLE,WORSE
3675,2,47,50,24997,35703,1,FEASIBLE,WORSE
3676,2,47,51,24701,35456,1,FEASIBLE,WORSE
3677,2,47,52,24483,35562,1,FEASIBLE,WORSE
3678,2,47,53,24579,35902,1,FEASIBLE,WORSE
3679,2,47,54,25220,36208,1,FEASIBLE,WORSE
3680,2,47,55,25841,36557,0,CAPACITY_EXCEEDED,INVALID
3681,2,47,56,26136,36935,0,CAPACITY_EXCEEDED,INVALID
3682,2,47,57,25971,36916,0,CAPACITY_EXCEEDED,INVALID
3683,2,47,58,26155,36478,0,CAPACITY_EXCEEDED,INVALID
3684,2,47,59,24245,35502,1,FEASIBLE,WORSE
3685,2,47,60,25003,35898,1,FEASIBLE,WORSE
3686,2,47,61,24930,35704,1,FEASIBLE,WORSE
3687,2,47,62,25775,36626,0,CAPACITY_EXCEEDED,INVALID
3688,2,47,63,26204,36650,0,CAPACITY_EXCEEDED,INVALID
3689,2,47,64,25597,36418,1,FEASIBLE,WORSE
3690,2,47,65,26169,36750,0,CAPACITY_EXCEEDED,INVALID
3691,2,47,66,26078,36673,0,CAPACITY_EXCEEDED,INVALID
3692,2,47,67,24710,35982,1,FEASIBLE,WORSE
3693,2,47,68,25853,36783,0,CAPACITY_EXCEEDED,INVALID
3694,2,47,69,24269,35571,1,FEASIBLE,WORSE
3695,2,47,70,24443,35514,1,FEASIBLE,WORSE
3696,2,47,71,25523,36582,1,FEASIBLE,WORSE
3697,2,47,72,26073,36803,0,CAPACITY_EXCEEDED,INVALID
3698,2,47,73,25031,36239,1,FEASIBLE,WORSE
3699,2,47,74,24857,35742,1,FEASIBLE,WORSE
3700,2,47,75,24268,35431,1,FEASIBLE,WORSE
3701,2,47,76,26075,36608,0,CAPACITY_EXCEEDED,INVALID
3702,2,47,77,24915,35639,1,FEASIBLE,WORSE
3703,2,47,78,24936,36105,1,FEASIBLE,WORSE
3704,2,47,79,25841,36420,0,CAPACITY_EXCEEDED,INVALID
3705,2,47,80,24384,35641,1,FEASIBLE,WORSE
3706,2,47,81,25912,36748,0,CAPACITY_EXCEEDED,INVALID
3707,2,47,82,26164,36577,0,CAPACITY_EXCEEDED,INVALID
3708,2,47,83,25956,36842,0,CAPACITY_EXCEEDED,INVALID
3709,2,47,84,26048,36638,0,CAPACITY_EXCEEDED,INVALID
3710,2,47,85,24622,35995,1,FEASIBLE,WORSE
3711,2,47,86,24864,35959,1,FEASIBLE,WORSE
3712,2,47,87,24799,35988,1,FEASIBLE,WORSE
3713,2,47,88,24737,35817,1,FEASIBLE,WORSE
3714,2,47,89,25756,36695,0,CAPACITY_EXCEEDED,INVALID
3715,2,47,90,26066,36502,0,CAPACITY_EXCEEDED,INVALID
3716,2,47,91,25496,36492,1,FEASIBLE,WORSE
3717,2,47,92,25158,36299,1,FEASIBLE,WORSE
3718,2,47,93,24493,35885,1,FEASIBLE,WORSE
3719,2,47,94,24956,36045,1,FEASIBLE,WORSE
3720,2,47,95,24807,35598,1,FEASIBLE,WORSE
3721,2,47,96,25109,35901,1,FEASIBLE,WORSE
3722,2,47,97,24397,35697,1,FEASIBLE,WORSE
3723,2,47,98,24953,35425,1,FEASIBLE,WORSE
3724,2,47,99,25519,36469,1,FEASIBLE,WORSE
3725,2,48,49,26235,36578,0,CAPACITY_EXCEEDED,INVALID
3726,2,48,50,26206,36566,0,CAPACITY_EXCEEDED,INVALID
3727,2,48,51,25910,36319,0,CAPACITY_EXCEEDED,INVALID
3728,2,48,52,25692,36425,1,FEASIBLE,WORSE
3729,2,48,53,25788,36765,0,CAPACITY_EXCEEDED,INVALID
3730,2,48,54,26429,37071,0,CAPACITY_EXCEEDED,INVALID
3731,2,48,55,27050,37420,0,CAPACITY_EXCEEDED,INVALID
3732,2,48,56,27345,37798,0,CAPACITY_EXCEEDED,INVALID
3733,2,48,57,27180,37779,0,CAPACITY_EXCEEDED,INVALID
3734,2,48,58,27364,37341,0,CAPACITY_EXCEEDED,INVALID
3735,2,48,59,25454,36365,1,FEASIBLE,WORSE
3736,2,48,60,26212,36761,0,CAPACITY_EXCEEDED,INVALID
3737,2,48,61,26139,36567,0,CAPACITY_EXCEEDED,INVALID
3738,2,48,62,26984,37489,0,CAPACITY_EXCEEDED,INVALID
3739,2,48,63,27413,37513,0,CAPACITY_EXCEEDED,INVALID
3740,2,48,64,26806,37281,0,CAPACITY_EXCEEDED,INVALID
3741,2,48,65,27378,37613,0,CAPACITY_EXCEEDED,INVALID
3742,2,48,66,27287,37536,0,CAPACITY_EXCEEDED,INVALID
3743,2,48,67,25919,36845,0,CAPACITY_EXCEEDED,INVALID
3744,2,48,68,27062,37646,0,CAPACITY_EXCEEDED,INVALID
3745,2,48,69,25478,36434,1,FEASIBLE,WORSE
3746,2,48,70,25652,36377,1,FEASIBLE,WORSE
3747,2,48,71,26732,37445,0,CAPACITY_EXCEEDED,INVALID
3748,2,48,72,27282,37666,0,CAPACITY_EXCEEDED,INVALID
3749,2,48,73,26240,37102,0,CAPACITY_EXCEEDED,INVALID
3750,2,48,74,26066,36605,0,CAPACITY_EXCEEDED,INVALID
3751,2,48,75,25477,36294,1,FEASIBLE,WORSE
3752,2,48,76,27284,37471,0,CAPACITY_EXCEEDED,INVALID
3753,2,48,77,26124,36502,0,CAPACITY_EXCEEDED,INVALID
3754,2,48,78,26145,36968,0,CAPACITY_EXCEEDED,INVALID
3755,2,48,79,27050,37283,0,CAPACITY_EXCEEDED,INVALID
3756,2,48,80,25593,36504,1,FEASIBLE,WORSE
3757,2,48,81,27121,37611,0,CAPACITY_EXCEEDED,INVALID
3758,2,48,82,27373,37440,0,CAPACITY_EXCEEDED,INVALID
3759,2,48,83,27165,37705,0,CAPACITY_EXCEEDED,INVALID
3760,2,48,84,27257,37501,0,CAPACITY_EXCEEDED,INVALID
3761,2,48,85,25831,36858,0,CAPACITY_EXCEEDED,INVALID
3762,2,48,86,26073,36822,0,CAPACITY_EXCEEDED,INVALID
3763,2,48,87,26008,36851,0,CAPACITY_EXCEEDED,INVALID
3764,2,48,88,25946,36680,0,CAPACITY_EXCEEDED,INVALID
3765,2,48,89,26965,37558,0,CAPACITY_EXCEEDED,INVALID
3766,2,48,90,27275,37365,0,CAPACITY_EXCEEDED,INVALID
3767,2,48,91,26705,37355,0,CAPACITY_EXCEEDED,INVALID
3768,2,48,92,26367,37162,0,CAPACITY_EXCEEDED,INVALID
3769,2,48,93,25702,36748,1,FEASIBLE,WORSE
3770,2,48,94,26165,36908,0,CAPACITY_EXCEEDED,INVALID
3771,2,48,95,26016,36461,0,CAPACITY_EXCEEDED,INVALID
3772,2,48,96,26318,36764,0,CAPACITY_EXCEEDED,INVALID
3773,2,48,97,25606,36560,1,FEASIBLE,WORSE
3774,2,48,98,26162,36288,0,CAPACITY_EXCEEDED,INVALID
3775,2,48,99,26728,37332,0,CAPACITY_EXCEEDED,INVALID
3776,2,49,50,25299,35777,1,FEASIBLE,WORSE
3777,2,49,51,25003,35530,1,FEASIBLE,WORSE
3778,2,49,52,24785,35636,1,FEASIBLE,WORSE
3779,2,49,53,24881,35976,1,FEASIBLE,WORSE
3780,2,49,54,25522,36282,1,FEASIBLE,WORSE
3781,2,49,55,26143,36631,0,CAPACITY_EXCEEDED,INVALID
3782,2,49,56,26438,37009,0,CAPACITY_EXCEEDED,INVALID
3783,2,49,57,26273,36990,0,CAPACITY_EXCEEDED,INVALID
3784,2,49,58,26457,36552,0,CAPACITY_EXCEEDED,INVALID
3785,2,49,59,24547,35576,1,FEASIBLE,WORSE
3786,2,49,60,25305,35972,1,FEASIBLE,WORSE
3787,2,49,61,25232,35778,1,FEASIBLE,WORSE
3788,2,49,62,26077,36700,0,CAPACITY_EXCEEDED,INVALID
3789,2,49,63,26506,36724,0,CAPACITY_EXCEEDED,INVALID
3790,2,49,64,25899,36492,0,CAPACITY_EXCEEDED,INVALID
3791,2,49,65,26471,36824,0,CAPACITY_EXCEEDED,INVALID
3792,2,49,66,26380,36747,0,CAPACITY_EXCEEDED,INVALID
3793,2,49,67,25012,36056,1,FEASIBLE,WORSE
3794,2,49,68,26155,36857,0,CAPACITY_EXCEEDED,INVALID
3795,2,49,69,24571,35645,1,FEASIBLE,WORSE
3796,2,49,70,24745,35588,1,FEASIBLE,WORSE
3797,2,49,71,25825,36656,0,CAPACITY_EXCEEDED,INVALID
3798,2,49,72,26375,36877,0,CAPACITY_EXCEEDED,INVALID
3799,2,49,73,25333,36313,1,FEASIBLE,WORSE
3800,2,49,74,25159,35816,1,FEASIBLE,WORSE
3801,2,49,75,24570,35505,1,FEASIBLE,WORSE
3802,2,49,76,26377,36682,0,CAPACITY_EXCEEDED,INVALID
3803,2,49,77,25217,35713,1,FEASIBLE,WORSE
3804,2,49,78,25238,36179,1,FEASIBLE,WORSE
3805,2,49,79,26143,36494,0,CAPACITY_EXCEEDED,INVALID
3806,2,49,80,24686,35715,1,FEASIBLE,WORSE
3807,2,49,81,26214,36822,0,CAPACITY_EXCEEDED,INVALID
3808,2,49,82,26466,36651,0,CAPACITY_EXCEEDED,INVALID
3809,2,49,83,26258,36916,0,CAPACITY_EXCEEDED,INVALID
3810,2,49,84,26350,36712,0,CAPACITY_EXCEEDED,INVALID
3811,2,49,85,24924,36069,1,FEASIBLE,WORSE
3812,2,49,86,25166,36033,1,FEASIBLE,WORSE
3813,2,49,87,25101,36062,1,FEASIBLE,WORSE
3814,2,49,88,25039,35891,1,FEASIBLE,WORSE
3815,2,49,89,26058,36769,0,CAPACITY_EXCEEDED,INVALID
3816,2,49,90,26368,36576,0,CAPACITY_EXCEEDED,INVALID
3817,2,49,91,25798,36566,0,CAPACITY_EXCEEDED,INVALID
3818,2,49,92,25460,36373,1,FEASIBLE,WORSE
3819,2,49,93,24795,35959,1,FEASIBLE,WORSE
3820,2,49,94,25258,36119,1,FEASIBLE,WORSE
3821,2,49,95,25109,35672,1,FEASIBLE,WORSE
3822,2,49,96,25411,35975,1,FEASIBLE,WORSE
3823,2,49,97,24699,35771,1,FEASIBLE,WORSE
3824,2,49,98,25255,35499,1,FEASIBLE,WORSE
3825,2,49,99,25821,36543,0,CAPACITY_EXCEEDED,INVALID
3826,2,50,51,24974,35518,1,FEASIBLE,WORSE
3827,2,50,52,24756,35624,1,FEASIBLE,WORSE
3828,2,50,53,24852,35964,1,FEASIBLE,WORSE
3829,2,50,54,25493,36270,1,FEASIBLE,WORSE
3830,2,50,55,26114,36619,0,CAPACITY_EXCEEDED,INVALID
3831,2,50,56,26409,36997,0,CAPACITY_EXCEEDED,INVALID
3832,2,50,57,26244,36978,0,CAPACITY_EXCEEDED,INVALID
3833,2,50,58,26428,36540,0,CAPACITY_EXCEEDED,INVALID
3834,2,50,59,24518,35564,1,FEASIBLE,WORSE
3835,2,50,60,25276,35960,1,FEASIBLE,WORSE
3836,2,50,61,25203,35766,1,FEASIBLE,WORSE
3837,2,50,62,26048,36688,0,CAPACITY_EXCEEDED,INVALID
3838,2,50,63,26477,36712,0,CAPACITY_EXCEEDED,INVALID
3839,2,50,64,25870,36480,0,CAPACITY_EXCEEDED,INVALID
3840,2,50,65,26442,36812,0,CAPACITY_EXCEEDED,INVALID
3841,2,50,66,26351,36735,0,CAPACITY_EXCEEDED,INVALID
3842,2,50,67,24983,36044,1,FEASIBLE,WORSE
3843,2,50,68,26126,36845,0,CAPACITY_EXCEEDED,INVALID
3844,2,50,69,24542,35633,1,FEASIBLE,WORSE
3845,2,50,70,24716,35576,1,FEASIBLE,WORSE
3846,2,50,71,25796,36644,0,CAPACITY_EXCEEDED,INVALID
3847,2,50,72,26346,36865,0,CAPACITY_EXCEEDED,INVALID
3848,2,50,73,25304,36301,1,FEASIBLE,WORSE
3849,2,50,74,25130,35804,1,FEASIBLE,WORSE
3850,2,50,75,24541,35493,1,FEASIBLE,WORSE
3851,2,50,76,26348,36670,0,CAPACITY_EXCEEDED,INVALID
3852,2,50,77,25188,35701,1,FEASIBLE,WORSE
3853,2,50,78,25209,36167,1,FEASIBLE,WORSE
3854,2,50,79,26114,36482,0,CAPACITY_EXCEEDED,INVALID
3855,2,50,80,24657,35703,1,FEASIBLE,WORSE
3856,2,50,81,26185,36810,0,CAPACITY_EXCEEDED,INVALID
3857,2,50,82,26437,36639,0,CAPACITY_EXCEEDED,INVALID
3858,2,50,83,26229,36904,0,CAPACITY_EXCEEDED,INVALID
3859,2,50,84,26321,36700,0,CAPACITY_EXCEEDED,INVALID
3860,2,50,85,24895,36057,1,FEASIBLE,WORSE
3861,2,50,86,25137,36021,1,FEASIBLE,WORSE
3862,2,50,87,25072,36050,1,FEASIBLE,WORSE
3863,2,50,88,25010,35879,1,FEASIBLE,WORSE
3864,2,50,89,26029,36757,0,CAPACITY_EXCEEDED,INVALID
3865,2,50,90,26339,36564,0,CAPACITY_EXCEEDED,INVALID
3866,2,50,91,25769,36554,0,CAPACITY_EXCEEDED,INVALID
3867,2,50,92,25431,36361,1,FEASIBLE,WORSE
3868,2,50,93,24766,35947,1,FEASIBLE,WORSE
3869,2,50,94,25229,36107,1,FEASIBLE,WORSE
3870,2,50,95,25080,35660,1,FEASIBLE,WORSE
3871,2,50,96,25382,35963,1,FEASIBLE,WORSE
3872,2,50,97,24670,35759,1,FEASIBLE,WORSE
3873,2,50,98,25226,35487,1,FEASIBLE,WORSE
3874,2,50,99,25792,36531,0,CAPACITY_EXCEEDED,INVALID
3875,2,51,52,24460,35377,1,FEASIBLE,WORSE
3876,2,51,53,24556,35717,1,FEASIBLE,WORSE
3877,2,51,54,25197,36023,1,FEASIBLE,WORSE
3878,2,51,55,25818,36372,0,CAPACITY_EXCEEDED,INVALID
3879,2,51,56,26113,36750,0,CAPACITY_EXCEEDED,INVALID
3880,2,51,57,25948,36731,0,CAPACITY_EXCEEDED,INVALID
3881,2,51,58,26132,36293,0,CAPACITY_EXCEEDED,INVALID
3882,2,51,59,24222,35317,1,FEASIBLE,WORSE
3883,2,51,60,24980,35713,1,FEASIBLE,WORSE
3884,2,51,61,24907,35519,1,FEASIBLE,WORSE
3885,2,51,62,25752,36441,0,CAPACITY_EXCEEDED,INVALID
3886,2,51,63,26181,36465,0,CAPACITY_EXCEEDED,INVALID
3887,2,51,64,25574,36233,1,FEASIBLE,WORSE
3888,2,51,65,26146,36565,0,CAPACITY_EXCEEDED,INVALID
3889,2,51,66,26055,36488,0,CAPACITY_EXCEEDED,INVALID
3890,2,51,67,24687,35797,1,FEASIBLE,WORSE
3891,2,51,68,25830,36598,0,CAPACITY_EXCEEDED,INVALID
3892,2,51,69,24246,35386,1,FEASIBLE,WORSE
3893,2,51,70,24420,35329,1,FEASIBLE,WORSE
3894,2,51,71,25500,36397,1,FEASIBLE,WORSE
3895,2,51,72,26050,36618,0,CAPACITY_EXCEEDED,INVALID
3896,2,51,73,25008,36054,1,FEASIBLE,WORSE
3897,2,51,74,24834,35557,1,FEASIBLE,WORSE
3898,2,51,75,24245,35246,1,FEASIBLE,WORSE
3899,2,51,76,26052,36423,0,CAPACITY_EXCEEDED,INVALID
3900,2,51,77,24892,35454,1,FEASIBLE,WORSE
3901,2,51,78,24913,35920,1,FEASIBLE,WORSE
3902,2,51,79,25818,36235,0,CAPACITY_EXCEEDED,INVALID
3903,2,51,80,24361,35456,1,FEASIBLE,WORSE
3904,2,51,81,25889,36563,0,CAPACITY_EXCEEDED,INVALID
3905,2,51,82,26141,36392,0,CAPACITY_EXCEEDED,INVALID
3906,2,51,83,25933,36657,0,CAPACITY_EXCEEDED,INVALID
3907,2,51,84,26025,36453,0,CAPACITY_EXCEEDED,INVALID
3908,2,51,85,24599,35810,1,FEASIBLE,WORSE
3909,2,51,86,24841,35774,1,FEASIBLE,WORSE
3910,2,51,87,24776,35803,1,FEASIBLE,WORSE
3911,2,51,88,24714,35632,1,FEASIBLE,WORSE
3912,2,51,89,25733,36510,1,FEASIBLE,WORSE
3913,2,51,90,26043,36317,0,CAPACITY_EXCEEDED,INVALID
3914,2,51,91,25473,36307,1,FEASIBLE,WORSE
3915,2,51,92,25135,36114,1,FEASIBLE,WORSE
3916,2,51,93,24470,35700,1,FEASIBLE,WORSE
3917,2,51,94,24933,35860,1,FEASIBLE,WORSE
3918,2,51,95,24784,35413,1,FEASIBLE,WORSE
3919,2,51,96,25086,35716,1,FEASIBLE,WORSE
3920,2,51,97,24374,35512,1,FEASIBLE,WORSE
3921,2,51,98,24930,35240,1,FEASIBLE,WORSE
3922,2,51,99,25496,36284,1,FEASIBLE,WORSE
3923,2,52,53,24338,35823,1,FEASIBLE,WORSE
3924,2,52,54,24979,36129,1,FEASIBLE,WORSE
3925,2,52,55,25600,36478,1,FEASIBLE,WORSE
3926,2,52,56,25895,36856,0,CAPACITY_EXCEEDED,INVALID
3927,2,52,57,25730,36837,1,FEASIBLE,WORSE
3928,2,52,58,25914,36399,0,CAPACITY_EXCEEDED,INVALID
3929,2,52,59,24004,35423,1,FEASIBLE,WORSE
3930,2,52,60,24762,35819,1,FEASIBLE,WORSE
3931,2,52,61,24689,35625,1,FEASIBLE,WORSE
3932,2,52,62,25534,36547,1,FEASIBLE,WORSE
3933,2,52,63,25963,36571,0,CAPACITY_EXCEEDED,INVALID
3934,2,52,64,25356,36339,1,FEASIBLE,WORSE
3935,2,52,65,25928,36671,0,CAPACITY_EXCEEDED,INVALID
3936,2,52,66,25837,36594,0,CAPACITY_EXCEEDED,INVALID
3937,2,52,67,24469,35903,1,FEASIBLE,WORSE
3938,2,52,68,25612,36704,1,FEASIBLE,WORSE
3939,2,52,69,24028,35492,1,FEASIBLE,WORSE
3940,2,52,70,24202,35435,1,FEASIBLE,WORSE
3941,2,52,71,25282,36503,1,FEASIBLE,WORSE
3942,2,52,72,25832,36724,0,CAPACITY_EXCEEDED,INVALID
3943,2,52,73,24790,36160,1,FEASIBLE,WORSE
3944,2,52,74,24616,35663,1,FEASIBLE,WORSE
3945,2,52,75,24027,35352,1,FEASIBLE,WORSE
3946,2,52,76,25834,36529,0,CAPACITY_EXCEEDED,INVALID
3947,2,52,77,24674,35560,1,FEASIBLE,WORSE
3948,2,52,78,24695,36026,1,FEASIBLE,WORSE
3949,2,52,79,25600,36341,1,FEASIBLE,WORSE
3950,2,52,80,24143,35562,1,FEASIBLE,WORSE
3951,2,52,81,25671,36669,1,FEASIBLE,WORSE
3952,2,52,82,25923,36498,0,CAPACITY_EXCEEDED,INVALID
3953,2,52,83,25715,36763,1,FEASIBLE,WORSE
3954,2,52,84,25807,36559,0,CAPACITY_EXCEEDED,INVALID
3955,2,52,85,24381,35916,1,FEASIBLE,WORSE
3956,2,52,86,24623,35880,1,FEASIBLE,WORSE
3957,2,52,87,24558,35909,1,FEASIBLE,WORSE
3958,2,52,88,24496,35738,1,FEASIBLE,WORSE
3959,2,52,89,25515,36616,1,FEASIBLE,WORSE
3960,2,52,90,25825,36423,0,CAPACITY_EXCEEDED,INVALID
3961,2,52,91,25255,36413,1,FEASIBLE,WORSE
3962,2,52,92,24917,36220,1,FEASIBLE,WORSE
3963,2,52,93,24252,35806,1,FEASIBLE,WORSE
3964,2,52,94,24715,35966,1,FEASIBLE,WORSE
3965,2,52,95,24566,35519,1,FEASIBLE,WORSE
3966,2,52,96,24868,35822,1,FEASIBLE,WORSE
3967,2,52,97,24156,35618,1,FEASIBLE,WORSE
3968,2,52,98,24712,35346,1,FEASIBLE,WORSE
3969,2,52,99,25278,36390,1,FEASIBLE,WORSE
3970,2,53,54,25075,36469,1,FEASIBLE,WORSE
3971,2,53,55,25696,36818,1,FEASIBLE,WORSE
3972,2,53,56,25991,37196,0,CAPACITY_EXCEEDED,INVALID
3973,2,53,57,25826,37177,0,CAPACITY_EXCEEDED,INVALID
3974,2,53,58,26010,36739,0,CAPACITY_EXCEEDED,INVALID
3975,2,53,59,24100,35763,1,FEASIBLE,WORSE
3976,2,53,60,24858,36159,1,FEASIBLE,WORSE
3977,2,53,61,24785,35965,1,FEASIBLE,WORSE
3978,2,53,62,25630,36887,1,FEASIBLE,WORSE
3979,2,53,63,26059,36911,0,CAPACITY_EXCEEDED,INVALID
3980,2,53,64,25452,36679,1,FEASIBLE,WORSE
3981,2,53,65,26024,37011,0,CAPACITY_EXCEEDED,INVALID
3982,2,53,66,25933,36934,0,CAPACITY_EXCEEDED,INVALID
3983,2,53,67,24565,36243,1,FEASIBLE,WORSE
3984,2,53,68,25708,37044,1,FEASIBLE,WORSE
3985,2,53,69,24124,35832,1,FEASIBLE,WORSE
3986,2,53,70,24298,35775,1,FEASIBLE,WORSE
3987,2,53,71,25378,36843,1,FEASIBLE,WORSE
3988,2,53,72,25928,37064,0,CAPACITY_EXCEEDED,INVALID
3989,2,53,73,24886,36500,1,FEASIBLE,WORSE
3990,2,53,74,24712,36003,1,FEASIBLE,WORSE
3991,2,53,75,24123,35692,1,FEASIBLE,WORSE
3992,2,53,76,25930,36869,0,CAPACITY_EXCEEDED,INVALID
3993,2,53,77,24770,35900,1,FEASIBLE,WORSE
3994,2,53,78,24791,36366,1,FEASIBLE,WORSE
3995,2,53,79,25696,36681,1,FEASIBLE,WORSE
3996,2,53,80,24239,35902,1,FEASIBLE,WORSE
3997,2,53,81,25767,37009,0,CAPACITY_EXCEEDED,INVALID
3998,2,53,82,26019,36838,0,CAPACITY_EXCEEDED,INVALID
3999,2,53,83,25811,37103,0,CAPACITY_EXCEEDED,INVALID
4000,2,53,84,25903,36899,0,CAPACITY_EXCEEDED,INVALID
4001,2,53,85,24477,36256,1,FEASIBLE,WORSE
4002,2,53,86,24719,36220,1,FEASIBLE,WORSE
4003,2,53,87,24654,36249,1,FEASIBLE,WORSE
4004,2,53,88,24592,36078,1,FEASIBLE,WORSE
4005,2,53,89,25611,36956,1,FEASIBLE,WORSE
4006,2,53,90,25921,36763,0,CAPACITY_EXCEEDED,INVALID
4007,2,53,91,25351,36753,1,FEASIBLE,WORSE
4008,2,53,92,25013,36560,1,FEASIBLE,WORSE
4009,2,53,93,24348,36146,1,FEASIBLE,WORSE
4010,2,53,94,24811,36306,1,FEASIBLE,WORSE
4011,2,53,95,24662,35859,1,FEASIBLE,WORSE
4012,2,53,96,24964,36162,1,FEASIBLE,WORSE
4013,2,53,97,24252,35958,1,FEASIBLE,WORSE
4014,2,53,98,24808,35686,1,FEASIBLE,WORSE
4015,2,53,99,25374,36730,1,FEASIBLE,WORSE
4016,2,54,55,26337,37124,0,CAPACITY_EXCEEDED,INVALID
4017,2,54,56,26632,37502,0,CAPACITY_EXCEEDED,INVALID
4018,2,54,57,26467,37483,0,CAPACITY_EXCEEDED,INVALID
4019,2,54,58,26651,37045,0,CAPACITY_EXCEEDED,INVALID
4020,2,54,59,24741,36069,1,FEASIBLE,WORSE
4021,2,54,60,25499,36465,1,FEASIBLE,WORSE
4022,2,54,61,25426,36271,1,FEASIBLE,WORSE
4023,2,54,62,26271,37193,0,CAPACITY_EXCEEDED,INVALID
4024,2,54,63,26700,37217,0,CAPACITY_EXCEEDED,INVALID
4025,2,54,64,26093,36985,0,CAPACITY_EXCEEDED,INVALID
4026,2,54,65,26665,37317,0,CAPACITY_EXCEEDED,INVALID
4027,2,54,66,26574,37240,0,CAPACITY_EXCEEDED,INVALID
4028,2,54,67,25206,36549,1,FEASIBLE,WORSE
4029,2,54,68,26349,37350,0,CAPACITY_EXCEEDED,INVALID
4030,2,54,69,24765,36138,1,FEASIBLE,WORSE
4031,2,54,70,24939,36081,1,FEASIBLE,WORSE
4032,2,54,71,26019,37149,0,CAPACITY_EXCEEDED,INVALID
4033,2,54,72,26569,37370,0,CAPACITY_EXCEEDED,INVALID
4034,2,54,73,25527,36806,1,FEASIBLE,WORSE
4035,2,54,74,25353,36309,1,FEASIBLE,WORSE
4036,2,54,75,24764,35998,1,FEASIBLE,WORSE
4037,2,54,76,26571,37175,0,CAPACITY_EXCEEDED,INVALID
4038,2,54,77,25411,36206,1,FEASIBLE,WORSE
4039,2,54,78,25432,36672,1,FEASIBLE,WORSE
4040,2,54,79,26337,36987,0,CAPACITY_EXCEEDED,INVALID
4041,2,54,80,24880,36208,1,FEASIBLE,WORSE
4042,2,54,81,26408,37315,0,CAPACITY_EXCEEDED,INVALID
4043,2,54,82,26660,37144,0,CAPACITY_EXCEEDED,INVALID
4044,2,54,83,26452,37409,0,CAPACITY_EXCEEDED,INVALID
4045,2,54,84,26544,37205,0,CAPACITY_EXCEEDED,INVALID
4046,2,54,85,25118,36562,1,FEASIBLE,WORSE
4047,2,54,86,25360,36526,1,FEASIBLE,WORSE
4048,2,54,87,25295,36555,1,FEASIBLE,WORSE
4049,2,54,88,25233,36384,1,FEASIBLE,WORSE
4050,2,54,89,26252,37262,0,CAPACITY_EXCEEDED,INVALID
4051,2,54,90,26562,37069,0,CAPACITY_EXCEEDED,INVALID
4052,2,54,91,25992,37059,0,CAPACITY_EXCEEDED,INVALID
4053,2,54,92,25654,36866,1,FEASIBLE,WORSE
4054,2,54,93,24989,36452,1,FEASIBLE,WORSE
4055,2,54,94,25452,36612,1,FEASIBLE,WORSE
4056,2,54,95,25303,36165,1,FEASIBLE,WORSE
4057,2,54,96,25605,36468,1,FEASIBLE,WORSE
4058,2,54,97,24893,36264,1,FEASIBLE,WORSE
4059,2,54,98,25449,35992,1,FEASIBLE,WORSE
4060,2,54,99,26015,37036,0,CAPACITY_EXCEEDED,INVALID
4061,2,55,56,27253,37851,0,CAPACITY_EXCEEDED,INVALID
4062,2,55,57,27088,37832,0,CAPACITY_EXCEEDED,INVALID
4063,2,55,58,27272,37394,0,CAPACITY_EXCEEDED,INVALID
4064,2,55,59,25362,36418,1,FEASIBLE,WORSE
4065,2,55,60,26120,36814,0,CAPACITY_EXCEEDED,INVALID
4066,2,55,61,26047,36620,0,CAPACITY_EXCEEDED,INVALID
4067,2,55,62,26892,37542,0,CAPACITY_EXCEEDED,INVALID
4068,2,55,63,27321,37566,0,CAPACITY_EXCEEDED,INVALID
4069,2,55,64,26714,37334,0,CAPACITY_EXCEEDED,INVALID
4070,2,55,65,27286,37666,0,CAPACITY_EXCEEDED,INVALID
4071,2,55,66,27195,37589,0,CAPACITY_EXCEEDED,INVALID
4072,2,55,67,25827,36898,0,CAPACITY_EXCEEDED,INVALID
4073,2,55,68,26970,37699,0,CAPACITY_EXCEEDED,INVALID
4074,2,55,69,25386,36487,1,FEASIBLE,WORSE
4075,2,55,70,25560,36430,1,FEASIBLE,WORSE
4076,2,55,71,26640,37498,0,CAPACITY_EXCEEDED,INVALID
4077,2,55,72,27190,37719,0,CAPACITY_EXCEEDED,INVALID
4078,2,55,73,26148,37155,0,CAPACITY_EXCEEDED,INVALID
4079,2,55,74,25974,36658,0,CAPACITY_EXCEEDED,INVALID
4080,2,55,75,25385,36347,1,FEASIBLE,WORSE
4081,2,55,76,27192,37524,0,CAPACITY_EXCEEDED,INVALID
4082,2,55,77,26032,36555,0,CAPACITY_EXCEEDED,INVALID
4083,2,55,78,26053,37021,0,CAPACITY_EXCEEDED,INVALID
4084,2,55,79,26958,37336,0,CAPACITY_EXCEEDED,INVALID
4085,2,55,80,25501,36557,1,FEASIBLE,WORSE
4086,2,55,81,27029,37664,0,CAPACITY_EXCEEDED,INVALID
4087,2,55,82,27281,37493,0,CAPACITY_EXCEEDED,INVALID
4088,2,55,83,27073,37758,0,CAPACITY_EXCEEDED,INVALID
4089,2,55,84,27165,37554,0,CAPACITY_EXCEEDED,INVALID
4090,2,55,85,25739,36911,1,FEASIBLE,WORSE
4091,2,55,86,25981,36875,0,CAPACITY_EXCEEDED,INVALID
4092,2,55,87,25916,36904,0,CAPACITY_EXCEEDED,INVALID
4093,2,55,88,25854,36733,0,CAPACITY_EXCEEDED,INVALID
4094,2,55,89,26873,37611,0,CAPACITY_EXCEEDED,INVALID
4095,2,55,90,27183,37418,0,CAPACITY_EXCEEDED,INVALID
4096,2,55,91,26613,37408,0,CAPACITY_EXCEEDED,INVALID
4097,2,55,92,26275,37215,0,CAPACITY_EXCEEDED,INVALID
4098,2,55,93,25610,36801,1,FEASIBLE,WORSE
4099,2,55,94,26073,36961,0,CAPACITY_EXCEEDED,INVALID
4100,2,55,95,25924,36514,0,CAPACITY_EXCEEDED,INVALID
4101,2,55,96,26226,36817,0,CAPACITY_EXCEEDED,INVALID
4102,2,55,97,25514,36613,1,FEASIBLE,WORSE
4103,2,55,98,26070,36341,0,CAPACITY_EXCEEDED,INVALID
4104,2,55,99,26636,37385,0,CAPACITY_EXCEEDED,INVALID
4105,2,56,57,27383,38210,0,CAPACITY_EXCEEDED,INVALID
4106,2,56,58,27567,37772,0,CAPACITY_EXCEEDED,INVALID
4107,2,56,59,25657,36796,1,FEASIBLE,WORSE
4108,2,56,60,26415,37192,0,CAPACITY_EXCEEDED,INVALID
4109,2,56,61,26342,36998,0,CAPACITY_EXCEEDED,INVALID
4110,2,56,62,27187,37920,0,CAPACITY_EXCEEDED,INVALID
4111,2,56,63,27616,37944,0,CAPACITY_EXCEEDED,INVALID
4112,2,56,64,27009,37712,0,CAPACITY_EXCEEDED,INVALID
4113,2,56,65,27581,38044,0,CAPACITY_EXCEEDED,INVALID
4114,2,56,66,27490,37967,0,CAPACITY_EXCEEDED,INVALID
4115,2,56,67,26122,37276,0,CAPACITY_EXCEEDED,INVALID
4116,2,56,68,27265,38077,0,CAPACITY_EXCEEDED,INVALID
4117,2,56,69,25681,36865,1,FEASIBLE,WORSE
4118,2,56,70,25855,36808,0,CAPACITY_EXCEEDED,INVALID
4119,2,56,71,26935,37876,0,CAPACITY_EXCEEDED,INVALID
4120,2,56,72,27485,38097,0,CAPACITY_EXCEEDED,INVALID
4121,2,56,73,26443,37533,0,CAPACITY_EXCEEDED,INVALID
4122,2,56,74,26269,37036,0,CAPACITY_EXCEEDED,INVALID
4123,2,56,75,25680,36725,1,FEASIBLE,WORSE
4124,2,56,76,27487,37902,0,CAPACITY_EXCEEDED,INVALID
4125,2,56,77,26327,36933,0,CAPACITY_EXCEEDED,INVALID
4126,2,56,78,26348,37399,0,CAPACITY_EXCEEDED,INVALID
4127,2,56,79,27253,37714,0,CAPACITY_EXCEEDED,INVALID
4128,2,56,80,25796,36935,0,CAPACITY_EXCEEDED,INVALID
4129,2,56,81,27324,38042,0,CAPACITY_EXCEEDED,INVALID
4130,2,56,82,27576,37871,0,CAPACITY_EXCEEDED,INVALID
4131,2,56,83,27368,38136,0,CAPACITY_EXCEEDED,INVALID
4132,2,56,84,27460,37932,0,CAPACITY_EXCEEDED,INVALID
4133,2,56,85,26034,37289,0,CAPACITY_EXCEEDED,INVALID
4134,2,56,86,26276,37253,0,CAPACITY_EXCEEDED,INVALID
4135,2,56,87,26211,37282,0,CAPACITY_EXCEEDED,INVALID
4136,2,56,88,26149,37111,0,CAPACITY_EXCEEDED,INVALID
4137,2,56,89,27168,37989,0,CAPACITY_EXCEEDED,INVALID
4138,2,56,90,27478,37796,0,CAPACITY_EXCEEDED,INVALID
4139,2,56,91,26908,37786,0,CAPACITY_EXCEEDED,INVALID
4140,2,56,92,26570,37593,0,CAPACITY_EXCEEDED,INVALID
4141,2,56,93,25905,37179,0,CAPACITY_EXCEEDED,INVALID
4142,2,56,94,26368,37339,0,CAPACITY_EXCEEDED,INVALID
4143,2,56,95,26219,36892,0,CAPACITY_EXCEEDED,INVALID
4144,2,56,96,26521,37195,0,CAPACITY_EXCEEDED,INVALID
4145,2,56,97,25809,36991,0,CAPACITY_EXCEEDED,INVALID
4146,2,56,98,26365,36719,0,CAPACITY_EXCEEDED,INVALID
4147,2,56,99,26931,37763,0,CAPACITY_EXCEEDED,INVALID
4148,2,57,58,27402,37753,0,CAPACITY_EXCEEDED,INVALID
4149,2,57,59,25492,36777,1,FEASIBLE,WORSE
4150,2,57,60,26250,37173,0,CAPACITY_EXCEEDED,INVALID
4151,2,57,61,26177,36979,0,CAPACITY_EXCEEDED,INVALID
4152,2,57,62,27022,37901,0,CAPACITY_EXCEEDED,INVALID
4153,2,57,63,27451,37925,0,CAPACITY_EXCEEDED,INVALID
4154,2,57,64,26844,37693,0,CAPACITY_EXCEEDED,INVALID
4155,2,57,65,27416,38025,0,CAPACITY_EXCEEDED,INVALID
4156,2,57,66,27325,37948,0,CAPACITY_EXCEEDED,INVALID
4157,2,57,67,25957,37257,0,CAPACITY_EXCEEDED,INVALID
4158,2,57,68,27100,38058,0,CAPACITY_EXCEEDED,INVALID
4159,2,57,69,25516,36846,1,FEASIBLE,WORSE
4160,2,57,70,25690,36789,1,FEASIBLE,WORSE
4161,2,57,71,26770,37857,0,CAPACITY_EXCEEDED,INVALID
4162,2,57,72,27320,38078,0,CAPACITY_EXCEEDED,INVALID
4163,2,57,73,26278,37514,0,CAPACITY_EXCEEDED,INVALID
4164,2,57,74,26104,37017,0,CAPACITY_EXCEEDED,INVALID
4165,2,57,75,25515,36706,1,FEASIBLE,WORSE
4166,2,57,76,27322,37883,0,CAPACITY_EXCEEDED,INVALID
4167,2,57,77,26162,36914,0,CAPACITY_EXCEEDED,INVALID
4168,2,57,78,26183,37380,0,CAPACITY_EXCEEDED,INVALID
4169,2,57,79,27088,37695,0,CAPACITY_EXCEEDED,INVALID
4170,2,57,80,25631,36916,1,FEASIBLE,WORSE
4171,2,57,81,27159,38023,0,CAPACITY_EXCEEDED,INVALID
4172,2,57,82,27411,37852,0,CAPACITY_EXCEEDED,INVALID
4173,2,57,83,27203,38117,0,CAPACITY_EXCEEDED,INVALID
4174,2,57,84,27295,37913,0,CAPACITY_EXCEEDED,INVALID
4175,2,57,85,25869,37270,0,CAPACITY_EXCEEDED,INVALID
4176,2,57,86,26111,37234,0,CAPACITY_EXCEEDED,INVALID
4177,2,57,87,26046,37263,0,CAPACITY_EXCEEDED,INVALID
4178,2,57,88,25984,37092,0,CAPACITY_EXCEEDED,INVALID
4179,2,57,89,27003,37970,0,CAPACITY_EXCEEDED,INVALID
4180,2,57,90,27313,37777,0,CAPACITY_EXCEEDED,INVALID
4181,2,57,91,26743,37767,0,CAPACITY_EXCEEDED,INVALID
4182,2,57,92,26405,37574,0,CAPACITY_EXCEEDED,INVALID
4183,2,57,93,25740,37160,1,FEASIBLE,WORSE
4184,2,57,94,26203,37320,0,CAPACITY_EXCEEDED,INVALID
4185,2,57,95,26054,36873,0,CAPACITY_EXCEEDED,INVALID
4186,2,57,96,26356,37176,0,CAPACITY_EXCEEDED,INVALID
4187,2,57,97,25644,36972,1,FEASIBLE,WORSE
4188,2,57,98,26200,36700,0,CAPACITY_EXCEEDED,INVALID
4189,2,57,99,26766,37744,0,CAPACITY_EXCEEDED,INVALID
4190,2,58,59,25676,36339,1,FEASIBLE,WORSE
4191,2,58,60,26434,36735,0,CAPACITY_EXCEEDED,INVALID
4192,2,58,61,26361,36541,0,CAPACITY_EXCEEDED,INVALID
4193,2,58,62,27206,37463,0,CAPACITY_EXCEEDED,INVALID
4194,2,58,63,27635,37487,0,CAPACITY_EXCEEDED,INVALID
4195,2,58,64,27028,37255,0,CAPACITY_EXCEEDED,INVALID
4196,2,58,65,27600,37587,0,CAPACITY_EXCEEDED,INVALID
4197,2,58,66,27509,37510,0,CAPACITY_EXCEEDED,INVALID
4198,2,58,67,26141,36819,0,CAPACITY_EXCEEDED,INVALID
4199,2,58,68,27284,37620,0,CAPACITY_EXCEEDED,INVALID
4200,2,58,69,25700,36408,1,FEASIBLE,WORSE
4201,2,58,70,25874,36351,0,CAPACITY_EXCEEDED,INVALID
4202,2,58,71,26954,37419,0,CAPACITY_EXCEEDED,INVALID
4203,2,58,72,27504,37640,0,CAPACITY_EXCEEDED,INVALID
4204,2,58,73,26462,37076,0,CAPACITY_EXCEEDED,INVALID
4205,2,58,74,26288,36579,0,CAPACITY_EXCEEDED,INVALID
4206,2,58,75,25699,36268,1,FEASIBLE,WORSE
4207,2,58,76,27506,37445,0,CAPACITY_EXCEEDED,INVALID
4208,2,58,77,26346,36476,0,CAPACITY_EXCEEDED,INVALID
4209,2,58,78,26367,36942,0,CAPACITY_EXCEEDED,INVALID
4210,2,58,79,27272,37257,0,CAPACITY_EXCEEDED,INVALID
4211,2,58,80,25815,36478,0,CAPACITY_EXCEEDED,INVALID
4212,2,58,81,27343,37585,0,CAPACITY_EXCEEDED,INVALID
4213,2,58,82,27595,37414,0,CAPACITY_EXCEEDED,INVALID
4214,2,58,83,27387,37679,0,CAPACITY_EXCEEDED,INVALID
4215,2,58,84,27479,37475,0,CAPACITY_EXCEEDED,INVALID
4216,2,58,85,26053,36832,0,CAPACITY_EXCEEDED,INVALID
4217,2,58,86,26295,36796,0,CAPACITY_EXCEEDED,INVALID
4218,2,58,87,26230,36825,0,CAPACITY_EXCEEDED,INVALID
4219,2,58,88,26168,36654,0,CAPACITY_EXCEEDED,INVALID
4220,2,58,89,27187,37532,0,CAPACITY_EXCEEDED,INVALID
4221,2,58,90,27497,37339,0,CAPACITY_EXCEEDED,INVALID
4222,2,58,91,26927,37329,0,CAPACITY_EXCEEDED,INVALID
4223,2,58,92,26589,37136,0,CAPACITY_EXCEEDED,INVALID
4224,2,58,93,25924,36722,0,CAPACITY_EXCEEDED,INVALID
4225,2,58,94,26387,36882,0,CAPACITY_EXCEEDED,INVALID
4226,2,58,95,26238,36435,0,CAPACITY_EXCEEDED,INVALID
4227,2,58,96,26540,36738,0,CAPACITY_EXCEEDED,INVALID
4228,2,58,97,25828,36534,0,CAPACITY_EXCEEDED,INVALID
4229,2,58,98,26384,36262,0,CAPACITY_EXCEEDED,INVALID
4230,2,58,99,26950,37306,0,CAPACITY_EXCEEDED,INVALID
4231,2,59,60,24524,35759,1,FEASIBLE,WORSE
4232,2,59,61,24451,35565,1,FEASIBLE,WORSE
4233,2,59,62,25296,36487,1,FEASIBLE,WORSE
4234,2,59,63,25725,36511,1,FEASIBLE,WORSE
4235,2,59,64,25118,36279,1,FEASIBLE,WORSE
4236,2,59,65,25690,36611,1,FEASIBLE,WORSE
4237,2,59,66,25599,36534,1,FEASIBLE,WORSE
4238,2,59,67,24231,35843,1,FEASIBLE,WORSE
4239,2,59,68,25374,36644,1,FEASIBLE,WORSE
4240,2,59,69,23790,35432,1,FEASIBLE,WORSE
4241,2,59,70,23964,35375,1,FEASIBLE,WORSE
4242,2,59,71,25044,36443,1,FEASIBLE,WORSE
4243,2,59,72,25594,36664,1,FEASIBLE,WORSE
4244,2,59,73,24552,36100,1,FEASIBLE,WORSE
4245,2,59,74,24378,35603,1,FEASIBLE,WORSE
4246,2,59,75,23789,35292,1,FEASIBLE,WORSE
4247,2,59,76,25596,36469,1,FEASIBLE,WORSE
4248,2,59,77,24436,35500,1,FEASIBLE,WORSE
4249,2,59,78,24457,35966,1,FEASIBLE,WORSE
4250,2,59,79,25362,36281,1,FEASIBLE,WORSE
4251,2,59,80,23905,35502,1,FEASIBLE,WORSE
4252,2,59,81,25433,36609,1,FEASIBLE,WORSE
4253,2,59,82,25685,36438,1,FEASIBLE,WORSE
4254,2,59,83,25477,36703,1,FEASIBLE,WORSE
4255,2,59,84,25569,36499,1,FEASIBLE,WORSE
4256,2,59,85,24143,35856,1,FEASIBLE,WORSE
4257,2,59,86,24385,35820,1,FEASIBLE,WORSE
4258,2,59,87,24320,35849,1,FEASIBLE,WORSE
4259,2,59,88,24258,35678,1,FEASIBLE,WORSE
4260,2,59,89,25277,36556,1,FEASIBLE,WORSE
4261,2,59,90,25587,36363,1,FEASIBLE,WORSE
4262,2,59,91,25017,36353,1,FEASIBLE,WORSE
4263,2,59,92,24679,36160,1,FEASIBLE,WORSE
4264,2,59,93,24014,35746,1,FEASIBLE,WORSE
4265,2,59,94,24477,35906,1,FEASIBLE,WORSE
4266,2,59,95,24328,35459,1,FEASIBLE,WORSE
4267,2,59,96,24630,35762,1,FEASIBLE,WORSE
4268,2,59,97,23918,35558,1,FEASIBLE,WORSE
4269,2,59,98,24474,35286,1,FEASIBLE,WORSE
4270,2,59,99,25040,36330,1,FEASIBLE,WORSE
4271,2,60,61,25209,35961,1,FEASIBLE,WORSE
4272,2,60,62,26054,36883,0,CAPACITY_EXCEEDED,INVALID
4273,2,60,63,26483,36907,0,CAPACITY_EXCEEDED,INVALID
4274,2,60,64,25876,36675,0,CAPACITY_EXCEEDED,INVALID
4275,2,60,65,26448,37007,0,CAPACITY_EXCEEDED,INVALID
4276,2,60,66,26357,36930,0,CAPACITY_EXCEEDED,INVALID
4277,2,60,67,24989,36239,1,FEASIBLE,WORSE
4278,2,60,68,26132,37040,0,CAPACITY_EXCEEDED,INVALID
4279,2,60,69,24548,35828,1,FEASIBLE,WORSE
4280,2,60,70,24722,35771,1,FEASIBLE,WORSE
4281,2,60,71,25802,36839,0,CAPACITY_EXCEEDED,INVALID
4282,2,60,72,26352,37060,0,CAPACITY_EXCEEDED,INVALID
4283,2,60,73,25310,36496,1,FEASIBLE,WORSE
4284,2,60,74,25136,35999,1,FEASIBLE,WORSE
4285,2,60,75,24547,35688,1,FEASIBLE,WORSE
4286,2,60,76,26354,36865,0,CAPACITY_EXCEEDED,INVALID
4287,2,60,77,25194,35896,1,FEASIBLE,WORSE
4288,2,60,78,25215,36362,1,FEASIBLE,WORSE
4289,2,60,79,26120,36677,0,CAPACITY_EXCEEDED,INVALID
4290,2,60,80,24663,35898,1,FEASIBLE,WORSE
4291,2,60,81,26191,37005,0,CAPACITY_EXCEEDED,INVALID
4292,2,60,82,26443,36834,0,CAPACITY_EXCEEDED,INVALID
4293,2,60,83,26235,37099,0,CAPACITY_EXCEEDED,INVALID
4294,2,60,84,26327,36895,0,CAPACITY_EXCEEDED,INVALID
4295,2,60,85,24901,36252,1,FEASIBLE,WORSE
4296,2,60,86,25143,36216,1,FEASIBLE,WORSE
4297,2,60,87,25078,36245,1,FEASIBLE,WORSE
4298,2,60,88,25016,36074,1,FEASIBLE,WORSE
4299,2,60,89,26035,36952,0,CAPACITY_EXCEEDED,INVALID
4300,2,60,90,26345,36759,0,CAPACITY_EXCEEDED,INVALID
4301,2,60,91,25775,36749,0,CAPACITY_EXCEEDED,INVALID
4302,2,60,92,25437,36556,1,FEASIBLE,WORSE
4303,2,60,93,24772,36142,1,FEASIBLE,WORSE
4304,2,60,94,25235,36302,1,FEASIBLE,WORSE
4305,2,60,95,25086,35855,1,FEASIBLE,WORSE
4306,2,60,96,25388,36158,1,FEASIBLE,WORSE
4307,2,60,97,24676,35954,1,FEASIBLE,WORSE
4308,2,60,98,25232,35682,1,FEASIBLE,WORSE
4309,2,60,99,25798,36726,0,CAPACITY_EXCEEDED,INVALID
4310,2,61,62,25981,36689,0,CAPACITY_EXCEEDED,INVALID
4311,2,61,63,26410,36713,0,CAPACITY_EXCEEDED,INVALID
4312,2,61,64,25803,36481,0,CAPACITY_EXCEEDED,INVALID
4313,2,61,65,26375,36813,0,CAPACITY_EXCEEDED,INVALID
4314,2,61,66,26284,36736,0,CAPACITY_EXCEEDED,INVALID
4315,2,61,67,24916,36045,1,FEASIBLE,WORSE
4316,2,61,68,26059,36846,0,CAPACITY_EXCEEDED,INVALID
4317,2,61,69,24475,35634,1,FEASIBLE,WORSE
4318,2,61,70,24649,35577,1,FEASIBLE,WORSE
4319,2,61,71,25729,36645,1,FEASIBLE,WORSE
4320,2,61,72,26279,36866,0,CAPACITY_EXCEEDED,INVALID
4321,2,61,73,25237,36302,1,FEASIBLE,WORSE
4322,2,61,74,25063,35805,1,FEASIBLE,WORSE
4323,2,61,75,24474,35494,1,FEASIBLE,WORSE
4324,2,61,76,26281,36671,0,CAPACITY_EXCEEDED,INVALID
4325,2,61,77,25121,35702,1,FEASIBLE,WORSE
4326,2,61,78,25142,36168,1,FEASIBLE,WORSE
4327,2,61,79,26047,36483,0,CAPACITY_EXCEEDED,INVALID
4328,2,61,80,24590,35704,1,FEASIBLE,WORSE
4329,2,61,81,26118,36811,0,CAPACITY_EXCEEDED,INVALID
4330,2,61,82,26370,36640,0,CAPACITY_EXCEEDED,INVALID
4331,2,61,83,26162,36905,0,CAPACITY_EXCEEDED,INVALID
4332,2,61,84,26254,36701,0,CAPACITY_EXCEEDED,INVALID
4333,2,61,85,24828,36058,1,FEASIBLE,WORSE
4334,2,61,86,25070,36022,1,FEASIBLE,WORSE
4335,2,61,87,25005,36051,1,FEASIBLE,WORSE
4336,2,61,88,24943,35880,1,FEASIBLE,WORSE
4337,2,61,89,25962,36758,0,CAPACITY_EXCEEDED,INVALID
4338,2,61,90,26272,36565,0,CAPACITY_EXCEEDED,INVALID
4339,2,61,91,25702,36555,1,FEASIBLE,WORSE
4340,2,61,92,25364,36362,1,FEASIBLE,WORSE
4341,2,61,93,24699,35948,1,FEASIBLE,WORSE
4342,2,61,94,25162,36108,1,FEASIBLE,WORSE
4343,2,61,95,25013,35661,1,FEASIBLE,WORSE
4344,2,61,96,25315,35964,1,FEASIBLE,WORSE
4345,2,61,97,24603,35760,1,FEASIBLE,WORSE
4346,2,61,98,25159,35488,1,FEASIBLE,WORSE
4347,2,61,99,25725,36532,1,FEASIBLE,WORSE
4348,2,62,63,27255,37635,0,CAPACITY_EXCEEDED,INVALID
4349,2,62,64,26648,37403,0,CAPACITY_EXCEEDED,INVALID
4350,2,62,65,27220,37735,0,CAPACITY_EXCEEDED,INVALID
4351,2,62,66,27129,37658,0,CAPACITY_EXCEEDED,INVALID
4352,2,62,67,25761,36967,0,CAPACITY_EXCEEDED,INVALID
4353,2,62,68,26904,37768,0,CAPACITY_EXCEEDED,INVALID
4354,2,62,69,25320,36556,1,FEASIBLE,WORSE
4355,2,62,70,25494,36499,1,FEASIBLE,WORSE
4356,2,62,71,26574,37567,0,CAPACITY_EXCEEDED,INVALID
4357,2,62,72,27124,37788,0,CAPACITY_EXCEEDED,INVALID
4358,2,62,73,26082,37224,0,CAPACITY_EXCEEDED,INVALID
4359,2,62,74,25908,36727,0,CAPACITY_EXCEEDED,INVALID
4360,2,62,75,25319,36416,1,FEASIBLE,WORSE
4361,2,62,76,27126,37593,0,CAPACITY_EXCEEDED,INVALID
4362,2,62,77,25966,36624,0,CAPACITY_EXCEEDED,INVALID
4363,2,62,78,25987,37090,0,CAPACITY_EXCEEDED,INVALID
4364,2,62,79,26892,37405,0,CAPACITY_EXCEEDED,INVALID
4365,2,62,80,25435,36626,1,FEASIBLE,WORSE
4366,2,62,81,26963,37733,0,CAPACITY_EXCEEDED,INVALID
4367,2,62,82,27215,37562,0,CAPACITY_EXCEEDED,INVALID
4368,2,62,83,27007,37827,0,CAPACITY_EXCEEDED,INVALID
4369,2,62,84,27099,37623,0,CAPACITY_EXCEEDED,INVALID
4370,2,62,85,25673,36980,1,FEASIBLE,WORSE
4371,2,62,86,25915,36944,0,CAPACITY_EXCEEDED,INVALID
4372,2,62,87,25850,36973,0,CAPACITY_EXCEEDED,INVALID
4373,2,62,88,25788,36802,0,CAPACITY_EXCEEDED,INVALID
4374,2,62,89,26807,37680,0,CAPACITY_EXCEEDED,INVALID
4375,2,62,90,27117,37487,0,CAPACITY_EXCEEDED,INVALID
4376,2,62,91,26547,37477,0,CAPACITY_EXCEEDED,INVALID
4377,2,62,92,26209,37284,0,CAPACITY_EXCEEDED,INVALID
4378,2,62,93,25544,36870,1,FEASIBLE,WORSE
4379,2,62,94,26007,37030,0,CAPACITY_EXCEEDED,INVALID
4380,2,62,95,25858,36583,0,CAPACITY_EXCEEDED,INVALID
4381,2,62,96,26160,36886,0,CAPACITY_EXCEEDED,INVALID
4382,2,62,97,25448,36682,1,FEASIBLE,WORSE
4383,2,62,98,26004,36410,0,CAPACITY_EXCEEDED,INVALID
4384,2,62,99,26570,37454,0,CAPACITY_EXCEEDED,INVALID
4385,2,63,64,27077,37427,0,CAPACITY_EXCEEDED,INVALID
4386,2,63,65,27649,37759,0,CAPACITY_EXCEEDED,INVALID
4387,2,63,66,27558,37682,0,CAPACITY_EXCEEDED,INVALID
4388,2,63,67,26190,36991,0,CAPACITY_EXCEEDED,INVALID
4389,2,63,68,27333,37792,0,CAPACITY_EXCEEDED,INVALID
4390,2,63,69,25749,36580,1,FEASIBLE,WORSE
4391,2,63,70,25923,36523,0,CAPACITY_EXCEEDED,INVALID
4392,2,63,71,27003,37591,0,CAPACITY_EXCEEDED,INVALID
4393,2,63,72,27553,37812,0,CAPACITY_EXCEEDED,INVALID
4394,2,63,73,26511,37248,0,CAPACITY_EXCEEDED,INVALID
4395,2,63,74,26337,36751,0,CAPACITY_EXCEEDED,INVALID
4396,2,63,75,25748,36440,1,FEASIBLE,WORSE
4397,2,63,76,27555,37617,0,CAPACITY_EXCEEDED,INVALID
4398,2,63,77,26395,36648,0,CAPACITY_EXCEEDED,INVALID
4399,2,63,78,26416,37114,0,CAPACITY_EXCEEDED,INVALID
4400,2,63,79,27321,37429,0,CAPACITY_EXCEEDED,INVALID
4401,2,63,80,25864,36650,0,CAPACITY_EXCEEDED,INVALID
4402,2,63,81,27392,37757,0,CAPACITY_EXCEEDED,INVALID
4403,2,63,82,27644,37586,0,CAPACITY_EXCEEDED,INVALID
4404,2,63,83,27436,37851,0,CAPACITY_EXCEEDED,INVALID
4405,2,63,84,27528,37647,0,CAPACITY_EXCEEDED,INVALID
4406,2,63,85,26102,37004,0,CAPACITY_EXCEEDED,INVALID
4407,2,63,86,26344,36968,0,CAPACITY_EXCEEDED,INVALID
4408,2,63,87,26279,36997,0,CAPACITY_EXCEEDED,INVALID
4409,2,63,88,26217,36826,0,CAPACITY_EXCEEDED,INVALID
4410,2,63,89,27236,37704,0,CAPACITY_EXCEEDED,INVALID
4411,2,63,90,27546,37511,0,CAPACITY_EXCEEDED,INVALID
4412,2,63,91,26976,37501,0,CAPACITY_EXCEEDED,INVALID
4413,2,63,92,26638,37308,0,CAPACITY_EXCEEDED,INVALID
4414,2,63,93,25973,36894,0,CAPACITY_EXCEEDED,INVALID
4415,2,63,94,26436,37054,0,CAPACITY_EXCEEDED,INVALID
4416,2,63,95,26287,36607,0,CAPACITY_EXCEEDED,INVALID
4417,2,63,96,26589,36910,0,CAPACITY_EXCEEDED,INVALID
4418,2,63,97,25877,36706,0,CAPACITY_EXCEEDED,INVALID
4419,2,63,98,26433,36434,0,CAPACITY_EXCEEDED,INVALID
4420,2,63,99,26999,37478,0,CAPACITY_EXCEEDED,INVALID
4421,2,64,65,27042,37527,0,CAPACITY_EXCEEDED,INVALID
4422,2,64,66,26951,37450,0,CAPACITY_EXCEEDED,INVALID
4423,2,64,67,25583,36759,1,FEASIBLE,WORSE
4424,2,64,68,26726,37560,0,CAPACITY_EXCEEDED,INVALID
4425,2,64,69,25142,36348,1,FEASIBLE,WORSE
4426,2,64,70,25316,36291,1,FEASIBLE,WORSE
4427,2,64,71,26396,37359,0,CAPACITY_EXCEEDED,INVALID
4428,2,64,72,26946,37580,0,CAPACITY_EXCEEDED,INVALID
4429,2,64,73,25904,37016,0,CAPACITY_EXCEEDED,INVALID
4430,2,64,74,25730,36519,1,FEASIBLE,WORSE
4431,2,64,75,25141,36208,1,FEASIBLE,WORSE
4432,2,64,76,26948,37385,0,CAPACITY_EXCEEDED,INVALID
4433,2,64,77,25788,36416,0,CAPACITY_EXCEEDED,INVALID
4434,2,64,78,25809,36882,0,CAPACITY_EXCEEDED,INVALID
4435,2,64,79,26714,37197,0,CAPACITY_EXCEEDED,INVALID
4436,2,64,80,25257,36418,1,FEASIBLE,WORSE
4437,2,64,81,26785,37525,0,CAPACITY_EXCEEDED,INVALID
4438,2,64,82,27037,37354,0,CAPACITY_EXCEEDED,INVALID
4439,2,64,83,26829,37619,0,CAPACITY_EXCEEDED,INVALID
4440,2,64,84,26921,37415,0,CAPACITY_EXCEEDED,INVALID
4441,2,64,85,25495,36772,1,FEASIBLE,WORSE
4442,2,64,86,25737,36736,1,FEASIBLE,WORSE
4443,2,64,87,25672,36765,1,FEASIBLE,WORSE
4444,2,64,88,25610,36594,1,FEASIBLE,WORSE
4445,2,64,89,26629,37472,0,CAPACITY_EXCEEDED,INVALID
4446,2,64,90,26939,37279,0,CAPACITY_EXCEEDED,INVALID
4447,2,64,91,26369,37269,0,CAPACITY_EXCEEDED,INVALID
4448,2,64,92,26031,37076,0,CAPACITY_EXCEEDED,INVALID
4449,2,64,93,25366,36662,1,FEASIBLE,WORSE
4450,2,64,94,25829,36822,0,CAPACITY_EXCEEDED,INVALID
4451,2,64,95,25680,36375,1,FEASIBLE,WORSE
4452,2,64,96,25982,36678,0,CAPACITY_EXCEEDED,INVALID
4453,2,64,97,25270,36474,1,FEASIBLE,WORSE
4454,2,64,98,25826,36202,0,CAPACITY_EXCEEDED,INVALID
4455,2,64,99,26392,37246,0,CAPACITY_EXCEEDED,INVALID
4456,2,65,66,27523,37782,0,CAPACITY_EXCEEDED,INVALID
4457,2,65,67,26155,37091,0,CAPACITY_EXCEEDED,INVALID
4458,2,65,68,27298,37892,0,CAPACITY_EXCEEDED,INVALID
4459,2,65,69,25714,36680,1,FEASIBLE,WORSE
4460,2,65,70,25888,36623,0,CAPACITY_EXCEEDED,INVALID
4461,2,65,71,26968,37691,0,CAPACITY_EXCEEDED,INVALID
4462,2,65,72,27518,37912,0,CAPACITY_EXCEEDED,INVALID
4463,2,65,73,26476,37348,0,CAPACITY_EXCEEDED,INVALID
4464,2,65,74,26302,36851,0,CAPACITY_EXCEEDED,INVALID
4465,2,65,75,25713,36540,1,FEASIBLE,WORSE
4466,2,65,76,27520,37717,0,CAPACITY_EXCEEDED,INVALID
4467,2,65,77,26360,36748,0,CAPACITY_EXCEEDED,INVALID
4468,2,65,78,26381,37214,0,CAPACITY_EXCEEDED,INVALID
4469,2,65,79,27286,37529,0,CAPACITY_EXCEEDED,INVALID
4470,2,65,80,25829,36750,0,CAPACITY_EXCEEDED,INVALID
4471,2,65,81,27357,37857,0,CAPACITY_EXCEEDED,INVALID
4472,2,65,82,27609,37686,0,CAPACITY_EXCEEDED,INVALID
4473,2,65,83,27401,37951,0,CAPACITY_EXCEEDED,INVALID
4474,2,65,84,27493,37747,0,CAPACITY_EXCEEDED,INVALID
4475,2,65,85,26067,37104,0,CAPACITY_EXCEEDED,INVALID
4476,2,65,86,26309,37068,0,CAPACITY_EXCEEDED,INVALID
4477,2,65,87,26244,37097,0,CAPACITY_EXCEEDED,INVALID
4478,2,65,88,26182,36926,0,CAPACITY_EXCEEDED,INVALID
4479,2,65,89,27201,37804,0,CAPACITY_EXCEEDED,INVALID
4480,2,65,90,27511,37611,0,CAPACITY_EXCEEDED,INVALID
4481,2,65,91,26941,37601,0,CAPACITY_EXCEEDED,INVALID
4482,2,65,92,26603,37408,0,CAPACITY_EXCEEDED,INVALID
4483,2,65,93,25938,36994,0,CAPACITY_EXCEEDED,INVALID
4484,2,65,94,26401,37154,0,CAPACITY_EXCEEDED,INVALID
4485,2,65,95,26252,36707,0,CAPACITY_EXCEEDED,INVALID
4486,2,65,96,26554,37010,0,CAPACITY_EXCEEDED,INVALID
4487,2,65,97,25842,36806,0,CAPACITY_EXCEEDED,INVALID
4488,2,65,98,26398,36534,0,CAPACITY_EXCEEDED,INVALID
4489,2,65,99,26964,37578,0,CAPACITY_EXCEEDED,INVALID
4490,2,66,67,26064,37014,0,CAPACITY_EXCEEDED,INVALID
4491,2,66,68,27207,37815,0,CAPACITY_EXCEEDED,INVALID
4492,2,66,69,25623,36603,1,FEASIBLE,WORSE
4493,2,66,70,25797,36546,0,CAPACITY_EXCEEDED,INVALID
4494,2,66,71,26877,37614,0,CAPACITY_EXCEEDED,INVALID
4495,2,66,72,27427,37835,0,CAPACITY_EXCEEDED,INVALID
4496,2,66,73,26385,37271,0,CAPACITY_EXCEEDED,INVALID
4497,2,66,74,26211,36774,0,CAPACITY_EXCEEDED,INVALID
4498,2,66,75,25622,36463,1,FEASIBLE,WORSE
4499,2,66,76,27429,37640,0,CAPACITY_EXCEEDED,INVALID
4500,2,66,77,26269,36671,0,CAPACITY_EXCEEDED,INVALID
4501,2,66,78,26290,37137,0,CAPACITY_EXCEEDED,INVALID
4502,2,66,79,27195,37452,0,CAPACITY_EXCEEDED,INVALID
4503,2,66,80,25738,36673,1,FEASIBLE,WORSE
4504,2,66,81,27266,37780,0,CAPACITY_EXCEEDED,INVALID
4505,2,66,82,27518,37609,0,CAPACITY_EXCEEDED,INVALID
4506,2,66,83,27310,37874,0,CAPACITY_EXCEEDED,INVALID
4507,2,66,84,27402,37670,0,CAPACITY_EXCEEDED,INVALID
4508,2,66,85,25976,37027,0,CAPACITY_EXCEEDED,INVALID
4509,2,66,86,26218,36991,0,CAPACITY_EXCEEDED,INVALID
4510,2,66,87,26153,37020,0,CAPACITY_EXCEEDED,INVALID
4511,2,66,88,26091,36849,0,CAPACITY_EXCEEDED,INVALID
4512,2,66,89,27110,37727,0,CAPACITY_EXCEEDED,INVALID
4513,2,66,90,27420,37534,0,CAPACITY_EXCEEDED,INVALID
4514,2,66,91,26850,37524,0,CAPACITY_EXCEEDED,INVALID
4515,2,66,92,26512,37331,0,CAPACITY_EXCEEDED,INVALID
4516,2,66,93,25847,36917,0,CAPACITY_EXCEEDED,INVALID
4517,2,66,94,26310,37077,0,CAPACITY_EXCEEDED,INVALID
4518,2,66,95,26161,36630,0,CAPACITY_EXCEEDED,INVALID
4519,2,66,96,26463,36933,0,CAPACITY_EXCEEDED,INVALID
4520,2,66,97,25751,36729,1,FEASIBLE,WORSE
4521,2,66,98,26307,36457,0,CAPACITY_EXCEEDED,INVALID
4522,2,66,99,26873,37501,0,CAPACITY_EXCEEDED,INVALID
4523,2,67,68,25839,37124,0,CAPACITY_EXCEEDED,INVALID
4524,2,67,69,24255,35912,1,FEASIBLE,WORSE
4525,2,67,70,24429,35855,1,FEASIBLE,WORSE
4526,2,67,71,25509,36923,1,FEASIBLE,WORSE
4527,2,67,72,26059,37144,0,CAPACITY_EXCEEDED,INVALID
4528,2,67,73,25017,36580,1,FEASIBLE,WORSE
4529,2,67,74,24843,36083,1,FEASIBLE,WORSE
4530,2,67,75,24254,35772,1,FEASIBLE,WORSE
4531,2,67,76,26061,36949,0,CAPACITY_EXCEEDED,INVALID
4532,2,67,77,24901,35980,1,FEASIBLE,WORSE
4533,2,67,78,24922,36446,1,FEASIBLE,WORSE
4534,2,67,79,25827,36761,0,CAPACITY_EXCEEDED,INVALID
4535,2,67,80,24370,35982,1,FEASIBLE,WORSE
4536,2,67,81,25898,37089,0,CAPACITY_EXCEEDED,INVALID
4537,2,67,82,26150,36918,0,CAPACITY_EXCEEDED,INVALID
4538,2,67,83,25942,37183,0,CAPACITY_EXCEEDED,INVALID
4539,2,67,84,26034,36979,0,CAPACITY_EXCEEDED,INVALID
4540,2,67,85,24608,36336,1,FEASIBLE,WORSE
4541,2,67,86,24850,36300,1,FEASIBLE,WORSE
4542,2,67,87,24785,36329,1,FEASIBLE,WORSE
4543,2,67,88,24723,36158,1,FEASIBLE,WORSE
4544,2,67,89,25742,37036,1,FEASIBLE,WORSE
4545,2,67,90,26052,36843,0,CAPACITY_EXCEEDED,INVALID
4546,2,67,91,25482,36833,1,FEASIBLE,WORSE
4547,2,67,92,25144,36640,1,FEASIBLE,WORSE
4548,2,67,93,24479,36226,1,FEASIBLE,WORSE
4549,2,67,94,24942,36386,1,FEASIBLE,WORSE
4550,2,67,95,24793,35939,1,FEASIBLE,WORSE
4551,2,67,96,25095,36242,1,FEASIBLE,WORSE
4552,2,67,97,24383,36038,1,FEASIBLE,WORSE
4553,2,67,98,24939,35766,1,FEASIBLE,WORSE
4554,2,67,99,25505,36810,1,FEASIBLE,WORSE
4555,2,68,69,25398,36713,1,FEASIBLE,WORSE
4556,2,68,70,25572,36656,1,FEASIBLE,WORSE
4557,2,68,71,26652,37724,0,CAPACITY_EXCEEDED,INVALID
4558,2,68,72,27202,37945,0,CAPACITY_EXCEEDED,INVALID
4559,2,68,73,26160,37381,0,CAPACITY_EXCEEDED,INVALID
4560,2,68,74,25986,36884,0,CAPACITY_EXCEEDED,INVALID
4561,2,68,75,25397,36573,1,FEASIBLE,WORSE
4562,2,68,76,27204,37750,0,CAPACITY_EXCEEDED,INVALID
4563,2,68,77,26044,36781,0,CAPACITY_EXCEEDED,INVALID
4564,2,68,78,26065,37247,0,CAPACITY_EXCEEDED,INVALID
4565,2,68,79,26970,37562,0,CAPACITY_EXCEEDED,INVALID
4566,2,68,80,25513,36783,1,FEASIBLE,WORSE
4567,2,68,81,27041,37890,0,CAPACITY_EXCEEDED,INVALID
4568,2,68,82,27293,37719,0,CAPACITY_EXCEEDED,INVALID
4569,2,68,83,27085,37984,0,CAPACITY_EXCEEDED,INVALID
4570,2,68,84,27177,37780,0,CAPACITY_EXCEEDED,INVALID
4571,2,68,85,25751,37137,1,FEASIBLE,WORSE
4572,2,68,86,25993,37101,0,CAPACITY_EXCEEDED,INVALID
4573,2,68,87,25928,37130,0,CAPACITY_EXCEEDED,INVALID
4574,2,68,88,25866,36959,0,CAPACITY_EXCEEDED,INVALID
4575,2,68,89,26885,37837,0,CAPACITY_EXCEEDED,INVALID
4576,2,68,90,27195,37644,0,CAPACITY_EXCEEDED,INVALID
4577,2,68,91,26625,37634,0,CAPACITY_EXCEEDED,INVALID
4578,2,68,92,26287,37441,0,CAPACITY_EXCEEDED,INVALID
4579,2,68,93,25622,37027,1,FEASIBLE,WORSE
4580,2,68,94,26085,37187,0,CAPACITY_EXCEEDED,INVALID
4581,2,68,95,25936,36740,0,CAPACITY_EXCEEDED,INVALID
4582,2,68,96,26238,37043,0,CAPACITY_EXCEEDED,INVALID
4583,2,68,97,25526,36839,1,FEASIBLE,WORSE
4584,2,68,98,26082,36567,0,CAPACITY_EXCEEDED,INVALID
4585,2,68,99,26648,37611,0,CAPACITY_EXCEEDED,INVALID
4586,2,69,70,23988,35444,1,FEASIBLE,WORSE
4587,2,69,71,25068,36512,1,FEASIBLE,WORSE
4588,2,69,72,25618,36733,1,FEASIBLE,WORSE
4589,2,69,73,24576,36169,1,FEASIBLE,WORSE
4590,2,69,74,24402,35672,1,FEASIBLE,WORSE
4591,2,69,75,23813,35361,1,FEASIBLE,WORSE
4592,2,69,76,25620,36538,1,FEASIBLE,WORSE
4593,2,69,77,24460,35569,1,FEASIBLE,WORSE
4594,2,69,78,24481,36035,1,FEASIBLE,WORSE
4595,2,69,79,25386,36350,1,FEASIBLE,WORSE
4596,2,69,80,23929,35571,1,FEASIBLE,WORSE
4597,2,69,81,25457,36678,1,FEASIBLE,WORSE
4598,2,69,82,25709,36507,1,FEASIBLE,WORSE
4599,2,69,83,25501,36772,1,FEASIBLE,WORSE
4600,2,69,84,25593,36568,1,FEASIBLE,WORSE
4601,2,69,85,24167,35925,1,FEASIBLE,WORSE
4602,2,69,86,24409,35889,1,FEASIBLE,WORSE
4603,2,69,87,24344,35918,1,FEASIBLE,WORSE
4604,2,69,88,24282,35747,1,FEASIBLE,WORSE
4605,2,69,89,25301,36625,1,FEASIBLE,WORSE
4606,2,69,90,25611,36432,1,FEASIBLE,WORSE
4607,2,69,91,25041,36422,1,FEASIBLE,WORSE
4608,2,69,92,24703,36229,1,FEASIBLE,WORSE
4609,2,69,93,24038,35815,1,FEASIBLE,WORSE
4610,2,69,94,24501,35975,1,FEASIBLE,WORSE
4611,2,69,95,24352,35528,1,FEASIBLE,WORSE
4612,2,69,96,24654,35831,1,FEASIBLE,WORSE
4613,2,69,97,23942,35627,1,FEASIBLE,WORSE
4614,2,69,98,24498,35355,1,FEASIBLE,WORSE
4615,2,69,99,25064,36399,1,FEASIBLE,WORSE
4616,2,70,71,25242,36455,1,FEASIBLE,WORSE
4617,2,70,72,25792,36676,0,CAPACITY_EXCEEDED,INVALID
4618,2,70,73,24750,36112,1,FEASIBLE,WORSE
4619,2,70,74,24576,35615,1,FEASIBLE,WORSE
4620,2,70,75,23987,35304,1,FEASIBLE,WORSE
4621,2,70,76,25794,36481,0,CAPACITY_EXCEEDED,INVALID
4622,2,70,77,24634,35512,1,FEASIBLE,WORSE
4623,2,70,78,24655,35978,1,FEASIBLE,WORSE
4624,2,70,79,25560,36293,1,FEASIBLE,WORSE
4625,2,70,80,24103,35514,1,FEASIBLE,WORSE
4626,2,70,81,25631,36621,1,FEASIBLE,WORSE
4627,2,70,82,25883,36450,0,CAPACITY_EXCEEDED,INVALID
4628,2,70,83,25675,36715,1,FEASIBLE,WORSE
4629,2,70,84,25767,36511,0,CAPACITY_EXCEEDED,INVALID
4630,2,70,85,24341,35868,1,FEASIBLE,WORSE
4631,2,70,86,24583,35832,1,FEASIBLE,WORSE
4632,2,70,87,24518,35861,1,FEASIBLE,WORSE
4633,2,70,88,24456,35690,1,FEASIBLE,WORSE
4634,2,70,89,25475,36568,1,FEASIBLE,WORSE
4635,2,70,90,25785,36375,0,CAPACITY_EXCEEDED,INVALID
4636,2,70,91,25215,36365,1,FEASIBLE,WORSE
4637,2,70,92,24877,36172,1,FEASIBLE,WORSE
4638,2,70,93,24212,35758,1,FEASIBLE,WORSE
4639,2,70,94,24675,35918,1,FEASIBLE,WORSE
4640,2,70,95,24526,35471,1,FEASIBLE,WORSE
4641,2,70,96,24828,35774,1,FEASIBLE,WORSE
4642,2,70,97,24116,35570,1,FEASIBLE,WORSE
4643,2,70,98,24672,35298,1,FEASIBLE,WORSE
4644,2,70,99,25238,36342,1,FEASIBLE,WORSE
4645,2,71,72,26872,37744,0,CAPACITY_EXCEEDED,INVALID
4646,2,71,73,25830,37180,0,CAPACITY_EXCEEDED,INVALID
4647,2,71,74,25656,36683,1,FEASIBLE,WORSE
4648,2,71,75,25067,36372,1,FEASIBLE,WORSE
4649,2,71,76,26874,37549,0,CAPACITY_EXCEEDED,INVALID
4650,2,71,77,25714,36580,1,FEASIBLE,WORSE
4651,2,71,78,25735,37046,1,FEASIBLE,WORSE
4652,2,71,79,26640,37361,0,CAPACITY_EXCEEDED,INVALID
4653,2,71,80,25183,36582,1,FEASIBLE,WORSE
4654,2,71,81,26711,37689,0,CAPACITY_EXCEEDED,INVALID
4655,2,71,82,26963,37518,0,CAPACITY_EXCEEDED,INVALID
4656,2,71,83,26755,37783,0,CAPACITY_EXCEEDED,INVALID
4657,2,71,84,26847,37579,0,CAPACITY_EXCEEDED,INVALID
4658,2,71,85,25421,36936,1,FEASIBLE,WORSE
4659,2,71,86,25663,36900,1,FEASIBLE,WORSE
4660,2,71,87,25598,36929,1,FEASIBLE,WORSE
4661,2,71,88,25536,36758,1,FEASIBLE,WORSE
4662,2,71,89,26555,37636,0,CAPACITY_EXCEEDED,INVALID
4663,2,71,90,26865,37443,0,CAPACITY_EXCEEDED,INVALID
4664,2,71,91,26295,37433,0,CAPACITY_EXCEEDED,INVALID
4665,2,71,92,25957,37240,0,CAPACITY_EXCEEDED,INVALID
4666,2,71,93,25292,36826,1,FEASIBLE,WORSE
4667,2,71,94,25755,36986,0,CAPACITY_EXCEEDED,INVALID
4668,2,71,95,25606,36539,1,FEASIBLE,WORSE
4669,2,71,96,25908,36842,0,CAPACITY_EXCEEDED,INVALID
4670,2,71,97,25196,36638,1,FEASIBLE,WORSE
4671,2,71,98,25752,36366,0,CAPACITY_EXCEEDED,INVALID
4672,2,71,99,26318,37410,0,CAPACITY_EXCEEDED,INVALID
4673,2,72,73,26380,37401,0,CAPACITY_EXCEEDED,INVALID
4674,2,72,74,26206,36904,0,CAPACITY_EXCEEDED,INVALID
4675,2,72,75,25617,36593,1,FEASIBLE,WORSE
4676,2,72,76,27424,37770,0,CAPACITY_EXCEEDED,INVALID
4677,2,72,77,26264,36801,0,CAPACITY_EXCEEDED,INVALID
4678,2,72,78,26285,37267,0,CAPACITY_EXCEEDED,INVALID
4679,2,72,79,27190,37582,0,CAPACITY_EXCEEDED,INVALID
4680,2,72,80,25733,36803,1,FEASIBLE,WORSE
4681,2,72,81,27261,37910,0,CAPACITY_EXCEEDED,INVALID
4682,2,72,82,27513,37739,0,CAPACITY_EXCEEDED,INVALID
4683,2,72,83,27305,38004,0,CAPACITY_EXCEEDED,INVALID
4684,2,72,84,27397,37800,0,CAPACITY_EXCEEDED,INVALID
4685,2,72,85,25971,37157,0,CAPACITY_EXCEEDED,INVALID
4686,2,72,86,26213,37121,0,CAPACITY_EXCEEDED,INVALID
4687,2,72,87,26148,37150,0,CAPACITY_EXCEEDED,INVALID
4688,2,72,88,26086,36979,0,CAPACITY_EXCEEDED,INVALID
4689,2,72,89,27105,37857,0,CAPACITY_EXCEEDED,INVALID
4690,2,72,90,27415,37664,0,CAPACITY_EXCEEDED,INVALID
4691,2,72,91,26845,37654,0,CAPACITY_EXCEEDED,INVALID
4692,2,72,92,26507,37461,0,CAPACITY_EXCEEDED,INVALID
4693,2,72,93,25842,37047,0,CAPACITY_EXCEEDED,INVALID
4694,2,72,94,26305,37207,0,CAPACITY_EXCEEDED,INVALID
4695,2,72,95,26156,36760,0,CAPACITY_EXCEEDED,INVALID
4696,2,72,96,26458,37063,0,CAPACITY_EXCEEDED,INVALID
4697,2,72,97,25746,36859,1,FEASIBLE,WORSE
4698,2,72,98,26302,36587,0,CAPACITY_EXCEEDED,INVALID
4699,2,72,99,26868,37631,0,CAPACITY_EXCEEDED,INVALID
4700,2,73,74,25164,36340,1,FEASIBLE,WORSE
4701,2,73,75,24575,36029,1,FEASIBLE,WORSE
4702,2,73,76,26382,37206,0,CAPACITY_EXCEEDED,INVALID
4703,2,73,77,25222,36237,1,FEASIBLE,WORSE
4704,2,73,78,25243,36703,1,FEASIBLE,WORSE
4705,2,73,79,26148,37018,0,CAPACITY_EXCEEDED,INVALID
4706,2,73,80,24691,36239,1,FEASIBLE,WORSE
4707,2,73,81,26219,37346,0,CAPACITY_EXCEEDED,INVALID
4708,2,73,82,26471,37175,0,CAPACITY_EXCEEDED,INVALID
4709,2,73,83,26263,37440,0,CAPACITY_EXCEEDED,INVALID
4710,2,73,84,26355,37236,0,CAPACITY_EXCEEDED,INVALID
4711,2,73,85,24929,36593,1,FEASIBLE,WORSE
4712,2,73,86,25171,36557,1,FEASIBLE,WORSE
4713,2,73,87,25106,36586,1,FEASIBLE,WORSE
4714,2,73,88,25044,36415,1,FEASIBLE,WORSE
4715,2,73,89,26063,37293,0,CAPACITY_EXCEEDED,INVALID
4716,2,73,90,26373,37100,0,CAPACITY_EXCEEDED,INVALID
4717,2,73,91,25803,37090,0,CAPACITY_EXCEEDED,INVALID
4718,2,73,92,25465,36897,1,FEASIBLE,WORSE
4719,2,73,93,24800,36483,1,FEASIBLE,WORSE
4720,2,73,94,25263,36643,1,FEASIBLE,WORSE
4721,2,73,95,25114,36196,1,FEASIBLE,WORSE
4722,2,73,96,25416,36499,1,FEASIBLE,WORSE
4723,2,73,97,24704,36295,1,FEASIBLE,WORSE
4724,2,73,98,25260,36023,1,FEASIBLE,WORSE
4725,2,73,99,25826,37067,0,CAPACITY_EXCEEDED,INVALID
4726,2,74,75,24401,35532,1,FEASIBLE,WORSE
4727,2,74,76,26208,36709,0,CAPACITY_EXCEEDED,INVALID
4728,2,74,77,25048,35740,1,FEASIBLE,WORSE
4729,2,74,78,25069,36206,1,FEASIBLE,WORSE
4730,2,74,79,25974,36521,0,CAPACITY_EXCEEDED,INVALID
4731,2,74,80,24517,35742,1,FEASIBLE,WORSE
4732,2,74,81,26045,36849,0,CAPACITY_EXCEEDED,INVALID
4733,2,74,82,26297,36678,0,CAPACITY_EXCEEDED,INVALID
4734,2,74,83,26089,36943,0,CAPACITY_EXCEEDED,INVALID
4735,2,74,84,26181,36739,0,CAPACITY_EXCEEDED,INVALID
4736,2,74,85,24755,36096,1,FEASIBLE,WORSE
4737,2,74,86,24997,36060,1,FEASIBLE,WORSE
4738,2,74,87,24932,36089,1,FEASIBLE,WORSE
4739,2,74,88,24870,35918,1,FEASIBLE,WORSE
4740,2,74,89,25889,36796,0,CAPACITY_EXCEEDED,INVALID
4741,2,74,90,26199,36603,0,CAPACITY_EXCEEDED,INVALID
4742,2,74,91,25629,36593,1,FEASIBLE,WORSE
4743,2,74,92,25291,36400,1,FEASIBLE,WORSE
4744,2,74,93,24626,35986,1,FEASIBLE,WORSE
4745,2,74,94,25089,36146,1,FEASIBLE,WORSE
4746,2,74,95,24940,35699,1,FEASIBLE,WORSE
4747,2,74,96,25242,36002,1,FEASIBLE,WORSE
4748,2,74,97,24530,35798,1,FEASIBLE,WORSE
4749,2,74,98,25086,35526,1,FEASIBLE,WORSE
4750,2,74,99,25652,36570,1,FEASIBLE,WORSE
4751,2,75,76,25619,36398,1,FEASIBLE,WORSE
4752,2,75,77,24459,35429,1,FEASIBLE,WORSE
4753,2,75,78,24480,35895,1,FEASIBLE,WORSE
4754,2,75,79,25385,36210,1,FEASIBLE,WORSE
4755,2,75,80,23928,35431,1,FEASIBLE,WORSE
4756,2,75,81,25456,36538,1,FEASIBLE,WORSE
4757,2,75,82,25708,36367,1,FEASIBLE,WORSE
4758,2,75,83,25500,36632,1,FEASIBLE,WORSE
4759,2,75,84,25592,36428,1,FEASIBLE,WORSE
4760,2,75,85,24166,35785,1,FEASIBLE,WORSE
4761,2,75,86,24408,35749,1,FEASIBLE,WORSE
4762,2,75,87,24343,35778,1,FEASIBLE,WORSE
4763,2,75,88,24281,35607,1,FEASIBLE,WORSE
4764,2,75,89,25300,36485,1,FEASIBLE,WORSE
4765,2,75,90,25610,36292,1,FEASIBLE,WORSE
4766,2,75,91,25040,36282,1,FEASIBLE,WORSE
4767,2,75,92,24702,36089,1,FEASIBLE,WORSE
4768,2,75,93,24037,35675,1,FEASIBLE,WORSE
4769,2,75,94,24500,35835,1,FEASIBLE,WORSE
4770,2,75,95,24351,35388,1,FEASIBLE,WORSE
4771,2,75,96,24653,35691,1,FEASIBLE,WORSE
4772,2,75,97,23941,35487,1,FEASIBLE,WORSE
4773,2,75,98,24497,35215,1,FEASIBLE,WORSE
4774,2,75,99,25063,36259,1,FEASIBLE,WORSE
4775,2,76,77,26266,36606,0,CAPACITY_EXCEEDED,INVALID
4776,2,76,78,26287,37072,0,CAPACITY_EXCEEDED,INVALID
4777,2,76,79,27192,37387,0,CAPACITY_EXCEEDED,INVALID
4778,2,76,80,25735,36608,1,FEASIBLE,WORSE
4779,2,76,81,27263,37715,0,CAPACITY_EXCEEDED,INVALID
4780,2,76,82,27515,37544,0,CAPACITY_EXCEEDED,INVALID
4781,2,76,83,27307,37809,0,CAPACITY_EXCEEDED,INVALID
4782,2,76,84,27399,37605,0,CAPACITY_EXCEEDED,INVALID
4783,2,76,85,25973,36962,0,CAPACITY_EXCEEDED,INVALID
4784,2,76,86,26215,36926,0,CAPACITY_EXCEEDED,INVALID
4785,2,76,87,26150,36955,0,CAPACITY_EXCEEDED,INVALID
4786,2,76,88,26088,36784,0,CAPACITY_EXCEEDED,INVALID
4787,2,76,89,27107,37662,0,CAPACITY_EXCEEDED,INVALID
4788,2,76,90,27417,37469,0,CAPACITY_EXCEEDED,INVALID
4789,2,76,91,26847,37459,0,CAPACITY_EXCEEDED,INVALID
4790,2,76,92,26509,37266,0,CAPACITY_EXCEEDED,INVALID
4791,2,76,93,25844,36852,0,CAPACITY_EXCEEDED,INVALID
4792,2,76,94,26307,37012,0,CAPACITY_EXCEEDED,INVALID
4793,2,76,95,26158,36565,0,CAPACITY_EXCEEDED,INVALID
4794,2,76,96,26460,36868,0,CAPACITY_EXCEEDED,INVALID
4795,2,76,97,25748,36664,1,FEASIBLE,WORSE
4796,2,76,98,26304,36392,0,CAPACITY_EXCEEDED,INVALID
4797,2,76,99,26870,37436,0,CAPACITY_EXCEEDED,INVALID
4798,2,77,78,25127,36103,1,FEASIBLE,WORSE
4799,2,77,79,26032,36418,0,CAPACITY_EXCEEDED,INVALID
4800,2,77,80,24575,35639,1,FEASIBLE,WORSE
4801,2,77,81,26103,36746,0,CAPACITY_EXCEEDED,INVALID
4802,2,77,82,26355,36575,0,CAPACITY_EXCEEDED,INVALID
4803,2,77,83,26147,36840,0,CAPACITY_EXCEEDED,INVALID
4804,2,77,84,26239,36636,0,CAPACITY_EXCEEDED,INVALID
4805,2,77,85,24813,35993,1,FEASIBLE,WORSE
4806,2,77,86,25055,35957,1,FEASIBLE,WORSE
4807,2,77,87,24990,35986,1,FEASIBLE,WORSE
4808,2,77,88,24928,35815,1,FEASIBLE,WORSE
4809,2,77,89,25947,36693,0,CAPACITY_EXCEEDED,INVALID
4810,2,77,90,26257,36500,0,CAPACITY_EXCEEDED,INVALID
4811,2,77,91,25687,36490,1,FEASIBLE,WORSE
4812,2,77,92,25349,36297,1,FEASIBLE,WORSE
4813,2,77,93,24684,35883,1,FEASIBLE,WORSE
4814,2,77,94,25147,36043,1,FEASIBLE,WORSE
4815,2,77,95,24998,35596,1,FEASIBLE,WORSE
4816,2,77,96,25300,35899,1,FEASIBLE,WORSE
4817,2,77,97,24588,35695,1,FEASIBLE,WORSE
4818,2,77,98,25144,35423,1,FEASIBLE,WORSE
4819,2,77,99,25710,36467,1,FEASIBLE,WORSE
4820,2,78,79,26053,36884,0,CAPACITY_EXCEEDED,INVALID
4821,2,78,80,24596,36105,1,FEASIBLE,WORSE
4822,2,78,81,26124,37212,0,CAPACITY_EXCEEDED,INVALID
4823,2,78,82,26376,37041,0,CAPACITY_EXCEEDED,INVALID
4824,2,78,83,26168,37306,0,CAPACITY_EXCEEDED,INVALID
4825,2,78,84,26260,37102,0,CAPACITY_EXCEEDED,INVALID
4826,2,78,85,24834,36459,1,FEASIBLE,WORSE
4827,2,78,86,25076,36423,1,FEASIBLE,WORSE
4828,2,78,87,25011,36452,1,FEASIBLE,WORSE
4829,2,78,88,24949,36281,1,FEASIBLE,WORSE
4830,2,78,89,25968,37159,0,CAPACITY_EXCEEDED,INVALID
4831,2,78,90,26278,36966,0,CAPACITY_EXCEEDED,INVALID
4832,2,78,91,25708,36956,1,FEASIBLE,WORSE
4833,2,78,92,25370,36763,1,FEASIBLE,WORSE
4834,2,78,93,24705,36349,1,FEASIBLE,WORSE
4835,2,78,94,25168,36509,1,FEASIBLE,WORSE
4836,2,78,95,25019,36062,1,FEASIBLE,WORSE
4837,2,78,96,25321,36365,1,FEASIBLE,WORSE
4838,2,78,97,24609,36161,1,FEASIBLE,WORSE
4839,2,78,98,25165,35889,1,FEASIBLE,WORSE
4840,2,78,99,25731,36933,1,FEASIBLE,WORSE
4841,2,79,80,25501,36420,1,FEASIBLE,WORSE
4842,2,79,81,27029,37527,0,CAPACITY_EXCEEDED,INVALID
4843,2,79,82,27281,37356,0,CAPACITY_EXCEEDED,INVALID
4844,2,79,83,27073,37621,0,CAPACITY_EXCEEDED,INVALID
4845,2,79,84,27165,37417,0,CAPACITY_EXCEEDED,INVALID
4846,2,79,85,25739,36774,1,FEASIBLE,WORSE
4847,2,79,86,25981,36738,0,CAPACITY_EXCEEDED,INVALID
4848,2,79,87,25916,36767,0,CAPACITY_EXCEEDED,INVALID
4849,2,79,88,25854,36596,0,CAPACITY_EXCEEDED,INVALID
4850,2,79,89,26873,37474,0,CAPACITY_EXCEEDED,INVALID
4851,2,79,90,27183,37281,0,CAPACITY_EXCEEDED,INVALID
4852,2,79,91,26613,37271,0,CAPACITY_EXCEEDED,INVALID
4853,2,79,92,26275,37078,0,CAPACITY_EXCEEDED,INVALID
4854,2,79,93,25610,36664,1,FEASIBLE,WORSE
4855,2,79,94,26073,36824,0,CAPACITY_EXCEEDED,INVALID
4856,2,79,95,25924,36377,0,CAPACITY_EXCEEDED,INVALID
4857,2,79,96,26226,36680,0,CAPACITY_EXCEEDED,INVALID
4858,2,79,97,25514,36476,1,FEASIBLE,WORSE
4859,2,79,98,26070,36204,0,CAPACITY_EXCEEDED,INVALID
4860,2,79,99,26636,37248,0,CAPACITY_EXCEEDED,INVALID
4861,2,80,81,25572,36748,1,FEASIBLE,WORSE
4862,2,80,82,25824,36577,0,CAPACITY_EXCEEDED,INVALID
4863,2,80,83,25616,36842,1,FEASIBLE,WORSE
4864,2,80,84,25708,36638,1,FEASIBLE,WORSE
4865,2,80,85,24282,35995,1,FEASIBLE,WORSE
4866,2,80,86,24524,35959,1,FEASIBLE,WORSE
4867,2,80,87,24459,35988,1,FEASIBLE,WORSE
4868,2,80,88,24397,35817,1,FEASIBLE,WORSE
4869,2,80,89,25416,36695,1,FEASIBLE,WORSE
4870,2,80,90,25726,36502,1,FEASIBLE,WORSE
4871,2,80,91,25156,36492,1,FEASIBLE,WORSE
4872,2,80,92,24818,36299,1,FEASIBLE,WORSE
4873,2,80,93,24153,35885,1,FEASIBLE,WORSE
4874,2,80,94,24616,36045,1,FEASIBLE,WORSE
4875,2,80,95,24467,35598,1,FEASIBLE,WORSE
4876,2,80,96,24769,35901,1,FEASIBLE,WORSE
4877,2,80,97,24057,35697,1,FEASIBLE,WORSE
4878,2,80,98,24613,35425,1,FEASIBLE,WORSE
4879,2,80,99,25179,36469,1,FEASIBLE,WORSE
4880,2,81,82,27352,37684,0,CAPACITY_EXCEEDED,INVALID
4881,2,81,83,27144,37949,0,CAPACITY_EXCEEDED,INVALID
4882,2,81,84,27236,37745,0,CAPACITY_EXCEEDED,INVALID
4883,2,81,85,25810,37102,0,CAPACITY_EXCEEDED,INVALID
4884,2,81,86,26052,37066,0,CAPACITY_EXCEEDED,INVALID
4885,2,81,87,25987,37095,0,CAPACITY_EXCEEDED,INVALID
4886,2,81,88,25925,36924,0,CAPACITY_EXCEEDED,INVALID
4887,2,81,89,26944,37802,0,CAPACITY_EXCEEDED,INVALID
4888,2,81,90,27254,37609,0,CAPACITY_EXCEEDED,INVALID
4889,2,81,91,26684,37599,0,CAPACITY_EXCEEDED,INVALID
4890,2,81,92,26346,37406,0,CAPACITY_EXCEEDED,INVALID
4891,2,81,93,25681,36992,1,FEASIBLE,WORSE
4892,2,81,94,26144,37152,0,CAPACITY_EXCEEDED,INVALID
4893,2,81,95,25995,36705,0,CAPACITY_EXCEEDED,INVALID
4894,2,81,96,26297,37008,0,CAPACITY_EXCEEDED,INVALID
4895,2,81,97,25585,36804,1,FEASIBLE,WORSE
4896,2,81,98,26141,36532,0,CAPACITY_EXCEEDED,INVALID
4897,2,81,99,26707,37576,0,CAPACITY_EXCEEDED,INVALID
4898,2,82,83,27396,37778,0,CAPACITY_EXCEEDED,INVALID
4899,2,82,84,27488,37574,0,CAPACITY_EXCEEDED,INVALID
4900,2,82,85,26062,36931,0,CAPACITY_EXCEEDED,INVALID
4901,2,82,86,26304,36895,0,CAPACITY_EXCEEDED,INVALID
4902,2,82,87,26239,36924,0,CAPACITY_EXCEEDED,INVALID
4903,2,82,88,26177,36753,0,CAPACITY_EXCEEDED,INVALID
4904,2,82,89,27196,37631,0,CAPACITY_EXCEEDED,INVALID
4905,2,82,90,27506,37438,0,CAPACITY_EXCEEDED,INVALID
4906,2,82,91,26936,37428,0,CAPACITY_EXCEEDED,INVALID
4907,2,82,92,26598,37235,0,CAPACITY_EXCEEDED,INVALID
4908,2,82,93,25933,36821,0,CAPACITY_EXCEEDED,INVALID
4909,2,82,94,26396,36981,0,CAPACITY_EXCEEDED,INVALID
4910,2,82,95,26247,36534,0,CAPACITY_EXCEEDED,INVALID
4911,2,82,96,26549,36837,0,CAPACITY_EXCEEDED,INVALID
4912,2,82,97,25837,36633,0,CAPACITY_EXCEEDED,INVALID
4913,2,82,98,26393,36361,0,CAPACITY_EXCEEDED,INVALID
4914,2,82,99,26959,37405,0,CAPACITY_EXCEEDED,INVALID
4915,2,83,84,27280,37839,0,CAPACITY_EXCEEDED,INVALID
4916,2,83,85,25854,37196,0,CAPACITY_EXCEEDED,INVALID
4917,2,83,86,26096,37160,0,CAPACITY_EXCEEDED,INVALID
4918,2,83,87,26031,37189,0,CAPACITY_EXCEEDED,INVALID
4919,2,83,88,25969,37018,0,CAPACITY_EXCEEDED,INVALID
4920,2,83,89,26988,37896,0,CAPACITY_EXCEEDED,INVALID
4921,2,83,90,27298,37703,0,CAPACITY_EXCEEDED,INVALID
4922,2,83,91,26728,37693,0,CAPACITY_EXCEEDED,INVALID
4923,2,83,92,26390,37500,0,CAPACITY_EXCEEDED,INVALID
4924,2,83,93,25725,37086,1,FEASIBLE,WORSE
4925,2,83,94,26188,37246,0,CAPACITY_EXCEEDED,INVALID
4926,2,83,95,26039,36799,0,CAPACITY_EXCEEDED,INVALID
4927,2,83,96,26341,37102,0,CAPACITY_EXCEEDED,INVALID
4928,2,83,97,25629,36898,1,FEASIBLE,WORSE
4929,2,83,98,26185,36626,0,CAPACITY_EXCEEDED,INVALID
4930,2,83,99,26751,37670,0,CAPACITY_EXCEEDED,INVALID
4931,2,84,85,25946,36992,0,CAPACITY_EXCEEDED,INVALID
4932,2,84,86,26188,36956,0,CAPACITY_EXCEEDED,INVALID
4933,2,84,87,26123,36985,0,CAPACITY_EXCEEDED,INVALID
4934,2,84,88,26061,36814,0,CAPACITY_EXCEEDED,INVALID
4935,2,84,89,27080,37692,0,CAPACITY_EXCEEDED,INVALID
4936,2,84,90,27390,37499,0,CAPACITY_EXCEEDED,INVALID
4937,2,84,91,26820,37489,0,CAPACITY_EXCEEDED,INVALID
4938,2,84,92,26482,37296,0,CAPACITY_EXCEEDED,INVALID
4939,2,84,93,25817,36882,0,CAPACITY_EXCEEDED,INVALID
4940,2,84,94,26280,37042,0,CAPACITY_EXCEEDED,INVALID
4941,2,84,95,26131,36595,0,CAPACITY_EXCEEDED,INVALID
4942,2,84,96,26433,36898,0,CAPACITY_EXCEEDED,INVALID
4943,2,84,97,25721,36694,1,FEASIBLE,WORSE
4944,2,84,98,26277,36422,0,CAPACITY_EXCEEDED,INVALID
4945,2,84,99,26843,37466,0,CAPACITY_EXCEEDED,INVALID
4946,2,85,86,24762,36313,1,FEASIBLE,WORSE
4947,2,85,87,24697,36342,1,FEASIBLE,WORSE
4948,2,85,88,24635,36171,1,FEASIBLE,WORSE
4949,2,85,89,25654,37049,1,FEASIBLE,WORSE
4950,2,85,90,25964,36856,0,CAPACITY_EXCEEDED,INVALID
4951,2,85,91,25394,36846,1,FEASIBLE,WORSE
4952,2,85,92,25056,36653,1,FEASIBLE,WORSE
4953,2,85,93,24391,36239,1,FEASIBLE,WORSE
4954,2,85,94,24854,36399,1,FEASIBLE,WORSE
4955,2,85,95,24705,35952,1,FEASIBLE,WORSE
4956,2,85,96,25007,36255,1,FEASIBLE,WORSE
4957,2,85,97,24295,36051,1,FEASIBLE,WORSE
4958,2,85,98,24851,35779,1,FEASIBLE,WORSE
4959,2,85,99,25417,36823,1,FEASIBLE,WORSE
4960,2,86,87,24939,36306,1,FEASIBLE,WORSE
4961,2,86,88,24877,36135,1,FEASIBLE,WORSE
4962,2,86,89,25896,37013,0,CAPACITY_EXCEEDED,INVALID
4963,2,86,90,26206,36820,0,CAPACITY_EXCEEDED,INVALID
4964,2,86,91,25636,36810,1,FEASIBLE,WORSE
4965,2,86,92,25298,36617,1,FEASIBLE,WORSE
4966,2,86,93,24633,36203,1,FEASIBLE,WORSE
4967,2,86,94,25096,36363,1,FEASIBLE,WORSE
4968,2,86,95,24947,35916,1,FEASIBLE,WORSE
4969,2,86,96,25249,36219,1,FEASIBLE,WORSE
4970,2,86,97,24537,36015,1,FEASIBLE,WORSE
4971,2,86,98,25093,35743,1,FEASIBLE,WORSE
4972,2,86,99,25659,36787,1,FEASIBLE,WORSE
4973,2,87,88,24812,36164,1,FEASIBLE,WORSE
4974,2,87,89,25831,37042,0,CAPACITY_EXCEEDED,INVALID
4975,2,87,90,26141,36849,0,CAPACITY_EXCEEDED,INVALID
4976,2,87,91,25571,36839,1,FEASIBLE,WORSE
4977,2,87,92,25233,36646,1,FEASIBLE,WORSE
4978,2,87,93,24568,36232,1,FEASIBLE,WORSE
4979,2,87,94,25031,36392,1,FEASIBLE,WORSE
4980,2,87,95,24882,35945,1,FEASIBLE,WORSE
4981,2,87,96,25184,36248,1,FEASIBLE,WORSE
4982,2,87,97,24472,36044,1,FEASIBLE,WORSE
4983,2,87,98,25028,35772,1,FEASIBLE,WORSE
4984,2,87,99,25594,36816,1,FEASIBLE,WORSE
4985,2,88,89,25769,36871,0,CAPACITY_EXCEEDED,INVALID
4986,2,88,90,26079,36678,0,CAPACITY_EXCEEDED,INVALID
4987,2,88,91,25509,36668,1,FEASIBLE,WORSE
4988,2,88,92,25171,36475,1,FEASIBLE,WORSE
4989,2,88,93,24506,36061,1,FEASIBLE,WORSE
4990,2,88,94,24969,36221,1,FEASIBLE,WORSE
4991,2,88,95,24820,35774,1,FEASIBLE,WORSE
4992,2,88,96,25122,36077,1,FEASIBLE,WORSE
4993,2,88,97,24410,35873,1,FEASIBLE,WORSE
4994,2,88,98,24966,35601,1,FEASIBLE,WORSE
4995,2,88,99,25532,36645,1,FEASIBLE,WORSE
4996,2,89,90,27098,37556,0,CAPACITY_EXCEEDED,INVALID
4997,2,89,91,26528,37546,0,CAPACITY_EXCEEDED,INVALID
4998,2,89,92,26190,37353,0,CAPACITY_EXCEEDED,INVALID
4999,2,89,93,25525,36939,1,FEASIBLE,WORSE
5000,2,89,94,25988,37099,0,CAPACITY_EXCEEDED,INVALID
5001,2,89,95,25839,36652,0,CAPACITY_EXCEEDED,INVALID
5002,2,89,96,26141,36955,0,CAPACITY_EXCEEDED,INVALID
5003,2,89,97,25429,36751,1,FEASIBLE,WORSE
5004,2,89,98,25985,36479,0,CAPACITY_EXCEEDED,INVALID
5005,2,89,99,26551,37523,0,CAPACITY_EXCEEDED,INVALID
5006,2,90,91,26838,37353,0,CAPACITY_EXCEEDED,INVALID
5007,2,90,92,26500,37160,0,CAPACITY_EXCEEDED,INVALID
5008,2,90,93,25835,36746,0,CAPACITY_EXCEEDED,INVALID
5009,2,90,94,26298,36906,0,CAPACITY_EXCEEDED,INVALID
5010,2,90,95,26149,36459,0,CAPACITY_EXCEEDED,INVALID
5011,2,90,96,26451,36762,0,CAPACITY_EXCEEDED,INVALID
5012,2,90,97,25739,36558,1,FEASIBLE,WORSE
5013,2,90,98,26295,36286,0,CAPACITY_EXCEEDED,INVALID
5014,2,90,99,26861,37330,0,CAPACITY_EXCEEDED,INVALID
5015,2,91,92,25930,37150,0,CAPACITY_EXCEEDED,INVALID
5016,2,91,93,25265,36736,1,FEASIBLE,WORSE
5017,2,91,94,25728,36896,1,FEASIBLE,WORSE
5018,2,91,95,25579,36449,1,FEASIBLE,WORSE
5019,2,91,96,25881,36752,0,CAPACITY_EXCEEDED,INVALID
5020,2,91,97,25169,36548,1,FEASIBLE,WORSE
5021,2,91,98,25725,36276,1,FEASIBLE,WORSE
5022,2,91,99,26291,37320,0,CAPACITY_EXCEEDED,INVALID
5023,2,92,93,24927,36543,1,FEASIBLE,WORSE
5024,2,92,94,25390,36703,1,FEASIBLE,WORSE
5025,2,92,95,25241,36256,1,FEASIBLE,WORSE
5026,2,92,96,25543,36559,1,FEASIBLE,WORSE
5027,2,92,97,24831,36355,1,FEASIBLE,WORSE
5028,2,92,98,25387,36083,1,FEASIBLE,WORSE
5029,2,92,99,25953,37127,0,CAPACITY_EXCEEDED,INVALID
5030,2,93,94,24725,36289,1,FEASIBLE,WORSE
5031,2,93,95,24576,35842,1,FEASIBLE,WORSE
5032,2,93,96,24878,36145,1,FEASIBLE,WORSE
5033,2,93,97,24166,35941,1,FEASIBLE,WORSE
5034,2,93,98,24722,35669,1,FEASIBLE,WORSE
5035,2,93,99,25288,36713,1,FEASIBLE,WORSE
5036,2,94,95,25039,36002,1,FEASIBLE,WORSE
5037,2,94,96,25341,36305,1,FEASIBLE,WORSE
5038,2,94,97,24629,36101,1,FEASIBLE,WORSE
5039,2,94,98,25185,35829,1,FEASIBLE,WORSE
5040,2,94,99,25751,36873,1,FEASIBLE,WORSE
5041,2,95,96,25192,35858,1,FEASIBLE,WORSE
5042,2,95,97,24480,35654,1,FEASIBLE,WORSE
5043,2,95,98,25036,35382,1,FEASIBLE,WORSE
5044,2,95,99,25602,36426,1,FEASIBLE,WORSE
5045,2,96,97,24782,35957,1,FEASIBLE,WORSE
5046,2,96,98,25338,35685,1,FEASIBLE,WORSE
5047,2,96,99,25904,36729,0,CAPACITY_EXCEEDED,INVALID
5048,2,97,98,24626,35481,1,FEASIBLE,WORSE
5049,2,97,99,25192,36525,1,FEASIBLE,WORSE
5050,2,98,99,25748,36253,1,FEASIBLE,WORSE
